;Unnamed: 0;Temp_est;UR_est;MP2,5_est;O3_est;MP10_est;Temp_moqa;UR_moqa;MP2,5_moqa;O3_moqa;MP10_moqa;UR_model;Temp_model;O3_moqa_sqrd;O3_model
0;0;26.4;66.5;12.0;42.370249284838586;22.0;29.03301204819277;54.91566265060241;2.6265060240963853;5383.325301204819;3.1686746987951806;68.04877092179167;27.7697121856304;28980191.29859196;59.37431939604042
1;1;27.3;58.6;10.0;53.3355128729056;16.0;33.8436387434555;50.547120418848166;0.7787958115183246;21256.14659685864;1.036649214659686;62.614535384448885;28.312714310727134;451823768.1471452;31.97169041335994
3;3;28.6;56.5;11.0;56.45443400081733;22.0;35.760391705069125;46.85138248847926;0.7695852534562212;20084.460829493088;0.97926267281106;58.01723282160937;28.70717552679758;403385566.8114422;24.29721285148888
4;4;29.0;56.1;10.0;58.90641601961586;17.0;36.74106728538283;45.312064965197216;0.8213457076566125;19635.3596287703;1.062645011600928;56.10240321839075;28.86211432192733;385547347.75114256;24.983948782839704
5;5;29.1;56.6;8.0;58.180629342051496;17.0;32.726685912240185;55.43418013856813;0.1685912240184757;19138.84526558892;0.3429561200923787;68.69377925875024;28.71759369548563;366295398.1001554;28.083544136276576
8;8;27.9;63.1;8.0;42.15447486718431;19.0;30.16727378190255;63.16357308584687;0.291183294663573;18558.16241299304;0.5266821345707656;63.86282296800511;28.367602223302278;344405392.1470276;34.82653622988701
9;9;27.4;67.6;9.0;33.40580302411116;25.0;29.73294857142857;67.33257142857143;0.5862857142857143;18542.226285714285;0.944;72.38922605355798;27.48843394696745;343814155.6306338;35.05898253433207
10;10;26.9;74.0;9.0;28.91377196567225;21.0;29.54065420560748;68.97897196261682;0.6892523364485982;18249.140186915887;1.233644859813084;74.52645525300727;27.20189685674653;333031117.56170845;39.78543392402126
13;13;26.3;81.1;10.0;48.117695136902334;25.0;29.304169530355097;71.87514318442153;0.6838487972508591;17884.774341351662;1.4054982817869417;78.2860396152868;26.72591231314628;319865153.24107075;46.85546926294346
14;14;26.3;81.2;12.0;50.6677564364528;31.0;29.33546498277841;71.11481056257176;0.5970149253731343;17949.373134328358;1.2629161882893227;77.29903490585663;26.84238406098901;322179995.91534865;45.50548949252487
15;15;26.4;79.5;8.0;52.55087862689008;25.0;29.17641773628938;70.82497082847141;0.3570595099183197;17707.687281213537;1.131855309218203;76.92278749213779;26.839644316196612;313562188.8492517;50.769559566099545
16;16;26.4;78.7;11.0;55.94442174090724;29.0;28.69163360560093;71.04667444574096;0.3115519253208868;17406.03967327888;0.8833138856476079;77.21058589517145;26.674541997599373;302970217.10775834;58.15659719389673
17;17;26.1;77.8;9.0;58.94564773191664;26.0;28.25240825688073;70.48279816513761;0.4564220183486238;17100.440366972478;1.0206422018348624;76.47860553749918;26.633424875366515;292425060.74438184;66.56543312512308
18;18;25.9;75.9;12.0;59.59297098487945;29.0;27.94872413793104;70.96666666666667;0.7126436781609196;16973.03908045977;1.3574712643678162;77.10672601533983;26.48106764203176;288084055.62681466;40.311302556265616
19;19;25.7;76.1;11.0;59.63220269718022;24.0;27.53303203661327;70.058352402746;1.4016018306636155;16936.640732265445;2.054919908466819;75.92762304070848;26.495292848275028;286849799.293833;41.24275843345129
22;22;23.8;82.2;13.0;27.95259501430323;26.0;27.29132118451025;70.38154897494306;1.643507972665148;16813.97722095672;2.3815489749430525;76.34717170883498;26.38281110242267;282709829.98685145;41.544117192971214
23;23;24.5;77.6;12.0;33.89619942787087;28.0;29.521244292237444;64.27625570776256;1.1906392694063928;16831.25114155251;1.745433789954338;66.70127280305255;28.09647019750658;283291014.9900127;47.69409312590352
25;25;27.4;57.8;12.0;59.92644053943605;18.0;35.97823870220162;43.194669756662805;0.9617612977983776;17317.33951332561;1.221320973348783;53.46847554220195;29.18363800224815;299890247.81978846;60.50136085302545
26;26;28.7;51.9;11.0;65.0069472823866;18.0;36.7891087962963;42.29398148148148;0.4606481481481481;17480.01851851852;0.7800925925925926;52.34806695430263;29.26212792597299;305551047.4077503;56.260976793310775
27;27;29.2;51.5;13.0;64.18308132407029;26.0;36.76527167630058;43.134104046242776;0.5803468208092486;17542.547976878614;0.8450867052023121;53.39313500102176;29.15131609527535;307740989.52108794;54.70128143882289
28;28;29.3;52.4;8.0;62.73150796894157;20.0;36.588294392523366;43.14719626168224;0.264018691588785;17416.747663551403;0.5163551401869159;53.40942102474072;29.15865448242836;303343099.1758233;57.87884048088913
29;29;29.5;51.6;9.0;61.14262362076012;20.0;33.3553908045977;50.98505747126437;0.1793103448275862;16648.091954022988;0.332183908045977;63.15930592050105;28.27937472630144;277158965.7096049;50.836592177996216
31;31;28.7;57.8;13.0;59.65181855333061;20.0;31.00968421052632;59.80116959064328;0.0807017543859649;16365.174269005847;0.3555555555555555;60.529410272197794;28.681715901812325;267818928.85493103;53.85543813116385
32;32;28.2;63.1;8.0;54.31630568042502;18.0;30.28515011547344;65.26096997690532;0.2066974595842956;16612.545034642033;0.5750577367205543;62.90218660027577;28.464535576951533;275976652.52800965;51.16853812886965
33;33;27.5;71.1;11.0;48.529628116060486;26.0;29.50345977011494;69.84482758620689;0.903448275862069;16631.264367816093;1.4275862068965517;75.65044172104922;27.06883164772205;276598954.47218925;42.846709163814594
34;34;26.9;76.4;15.0;45.391091131998365;29.0;29.22637220259128;71.85865724381625;1.1684334511189636;16443.118963486453;1.6878680800942285;78.26463884863654;26.70680166971233;270376161.2473678;42.03602203213956
35;35;26.7;79.1;12.0;45.56763383735186;28.0;29.11095406360424;73.57597173144876;1.1672555948174324;16430.737338044757;1.8916372202591285;80.49392303052825;26.43140135239289;269969129.4718181;40.65383371604863
36;36;26.5;81.8;10.0;48.35308541070698;33.0;28.91871264367816;75.35172413793103;1.6528735632183909;16057.91264367816;2.7149425287356324;82.79906677632201;26.126531944531145;257856558.47199893;40.90450208033971
37;37;26.5;83.7;13.0;50.86391499795668;31.0;28.92634062140392;75.04833141542002;1.228998849252014;15957.210586881472;2.148446490218642;82.40522592651513;26.17166739365546;254632569.71408212;41.6287797651079
38;38;26.4;83.3;13.0;50.78545157335513;29.0;28.7460718424102;74.5260718424102;1.0139049826187718;15556.449594438009;1.9084588644264195;81.72726914379598;26.19604259947581;242003123.98429048;43.936675901289455
39;39;26.4;81.9;10.0;52.393951777686965;30.0;28.56265569917744;73.4406580493537;0.7649823736780259;15283.666274970625;1.5558166862514688;80.31826932629386;26.299426318003697;233590454.80467445;46.11962058745561
40;40;26.2;80.2;11.0;53.08050674295055;28.0;28.20319298245614;73.88888888888889;0.4678362573099415;15005.642105263158;1.208187134502924;80.9001277614308;26.136745500904432;225169294.9912465;47.041064029079166
41;41;26.0;79.9;8.0;54.120147118921125;27.0;27.88788372093023;73.24302325581395;0.1604651162790697;14409.33953488372;0.7011627906976744;80.06171519936922;26.141421572438045;207629065.831563;50.365016299969696
43;43;25.7;77.8;11.0;54.92439722108705;21.0;26.87429885057471;76.78045977011494;3.389655172413793;15317.6091954023;4.512643678160919;84.65374031915319;25.360232788681785;234629151.46307307;43.16082849699549
44;44;24.4;85.8;14.0;37.95668165100123;28.0;26.17997674418605;78.58720930232558;5.268604651162791;15747.162790697674;6.404651162790698;86.9991221241772;24.91254163422848;247973135.95673332;39.64154354973534
45;45;23.7;87.8;12.0;30.14957090314671;29.0;26.227900232018563;77.18213457076565;1.3306264501160092;15565.308584686774;2.1392111368909514;85.17516332338673;25.125046236277846;242278831.3365238;41.66824014073374
46;46;23.8;85.5;13.0;33.601961585615044;19.0;27.444919168591223;72.10161662817552;0.9803695150115472;15544.018475750578;1.4861431870669746;78.58002983630644;26.18118886140598;241616510.3744753;46.027577440599096
47;47;24.7;79.6;12.0;40.173273395995096;24.0;29.75429906542056;65.80373831775701;1.1226635514018692;15373.028037383176;1.588785046728972;65.30608261731683;28.23407727311565;236329991.0381692;55.39947616667866
49;49;27.0;70.0;12.0;53.55128729055988;24.0;34.4786337543054;50.5947187141217;0.9747416762342136;15711.26521239954;1.3524684270952927;62.6737451468754;28.27377225056408;246843854.574356;55.52154028908186
53;53;27.6;66.6;11.0;58.219861054352265;27.0;29.566902857142857;68.87428571428572;0.584;15095.149714285715;1.1337142857142857;74.39055970263091;27.223982101699107;227863544.8967001;50.82814087441231
54;54;26.9;75.7;14.0;56.27789129546384;30.0;29.08900921658986;71.69700460829493;0.956221198156682;15377.917050691243;1.6221198156682028;78.05479396237718;26.69185863599453;236480332.81794047;47.141885909490526
55;55;26.5;79.1;9.0;48.29423784225583;28.0;28.92408551068884;71.58551068883611;0.9726840855106887;15119.220902612826;1.713776722090261;77.91006122249951;26.662202651713176;228590840.70200455;48.44247041692119
56;56;26.4;78.7;19.0;48.27462198610544;29.0;28.78849658314351;70.8997722095672;0.7972665148063781;15086.851936218678;1.3792710706150342;77.0198888308043;26.72208363077805;227613101.34538528;49.16849588057144
57;57;26.3;77.1;10.0;51.589701675521056;31.0;28.780757575757576;71.46270396270397;0.9393939393939394;14964.88578088578;1.6386946386946386;77.75064307633706;26.640105265815645;223947806.43495736;49.26558363822066
58;58;26.3;77.9;12.0;55.23825091949326;41.0;29.030503048780485;69.57621951219512;0.7179878048780488;14791.90243902439;1.6402439024390243;75.3017555981316;26.976534648667148;218800377.7656157;51.65454836415955
59;59;26.5;75.3;14.0;59.63220269718022;31.0;28.835676741130094;68.69382391590013;0.5466491458607096;13830.53876478318;1.3153745072273324;74.1562982231675;27.047977005064286;191283802.52417025;56.880234944233216
60;60;26.5;73.4;11.0;63.96730690641602;34.0;28.424429824561404;69.09356725146199;0.4707602339181286;13805.847953216376;1.1973684210526316;74.67521394955448;26.87789645843181;190601437.70732883;56.660260937235016
61;61;23.5;80.9;14.0;32.228851655087865;30.0;27.09551912568306;67.36976320582878;0.7030965391621129;14493.377049180328;1.147540983606557;72.43750552789616;26.75601130591331;210057978.28970703;54.89759773660789
62;62;24.4;72.7;11.0;38.99632202697181;28.0;29.027407821229048;60.15195530726257;0.6837988826815642;14270.248044692737;1.0268156424581003;69.82846499708006;27.57371164939007;203639979.2570569;57.62399389524515
63;63;25.9;63.2;15.0;51.25623212096445;31.0;32.37505154639175;49.040091638029786;0.5326460481099656;14505.731958762886;0.827033218785796;60.739871269496966;28.589068819465982;210416259.65947497;62.39580401032325
64;64;27.0;54.8;8.0;61.789946873722926;26.0;34.87699535962877;42.292343387471;0.2761020881670533;15141.8283062645;0.5870069605568445;52.34602925197242;29.360495902638647;229274964.45639288;64.84956282680032
67;67;29.1;46.5;9.0;64.20269718022068;26.0;36.25582278481013;39.44994246260069;0.2554660529344074;15421.808975834292;0.523590333716916;48.8102328013785;29.66877142134155;237832192.08712316;65.82702798355218
68;68;29.2;46.0;8.0;61.86841029832448;21.0;34.28137404580153;44.13740458015267;0.015267175572519;15001.282442748092;0.1870229007633587;54.64118781286759;29.14501936404276;225038474.92710212;64.02284901436116
69;69;26.6;75.5;10.0;37.544748671843074;34.0;28.79139534883721;73.19767441860465;1.1162790697674418;16025.488372093025;1.4767441860465116;80.00284686384539;26.39695467947176;256816277.56408876;42.8619592670015
70;70;26.5;79.0;11.0;49.21618308132407;29.0;29.33080796252927;71.54918032786885;1.0081967213114753;15790.220140515225;1.7060889929742389;77.86289997183168;26.779490289341325;249331052.08593264;45.34199629622811
71;71;26.6;79.8;11.0;43.60604822231304;32.0;29.24358024691358;72.0877914951989;1.1344307270233196;15353.766803840876;1.898491083676269;78.56208312329652;26.67904620671339;235738155.0667261;46.92689953338473
72;72;26.5;80.2;12.0;50.39313445034737;33.0;28.985228658536588;72.47103658536585;0.8353658536585366;14762.853658536584;1.6554878048780488;79.05958210991176;26.55345944119045;217941848.143367;49.36279868915223
73;73;26.4;80.1;9.0;55.15978749489171;33.0;28.71956730769231;72.484375;0.6959134615384616;14619.807692307691;1.4122596153846154;79.07689700300185;26.478323900345387;213738776.96005917;50.01907858492746
76;76;25.7;80.3;10.0;60.10298324478954;30.0;27.709096313912006;73.94411414982164;0.5814506539833532;13213.4887039239;1.2271105826397146;80.97181690254318;25.99268852048475;174596283.7287245;55.3570913220544
77;77;25.6;79.8;9.0;59.35758071107479;25.0;27.59730324074074;74.13541666666667;0.5590277777777778;13297.37037037037;1.289351851851852;81.22015096006729;25.934732999637173;176820058.76680383;54.80528617824063
80;80;24.4;85.5;15.0;21.73436861463016;35.0;27.8734422403734;71.86581096849476;5.325554259043174;15287.673278879813;6.156359393232205;78.27392525795891;26.332780026965654;233712954.28177583;47.421427163150405
82;82;26.1;72.9;10.0;44.46914589293012;37.0;31.228169014084507;60.651408450704224;2.3392018779342725;15082.441314553991;3.056338028169014;59.33340370045005;28.79871759387601;227480036.00696516;60.61331115335448
83;83;26.9;69.2;10.0;52.727421332243566;32.0;31.89845794392524;58.17289719626168;1.0070093457943925;14790.07476635514;1.5046728971962615;72.1005984611524;28.117008016812694;218746311.594375;53.73080051689482
84;84;27.4;65.7;13.0;55.41479362484675;33.0;35.037250580046404;48.50232018561485;0.2842227378190255;15141.2343387471;0.7737819025522041;60.07091201887112;28.524132165991357;229256977.3008543;59.86259922375002
85;85;28.4;58.0;11.0;59.80874540253372;29.0;34.97116359447005;48.34447004608295;0.2903225806451613;15056.516129032258;0.7661290322580645;59.8745547920636;28.548574702635012;226698677.94380853;60.38473434158247
87;87;28.7;57.9;14.0;58.8475684511647;25.0;32.29372192513369;54.63636363636363;0.174331550802139;14676.483422459893;0.5989304812834224;67.7013377167997;27.846946954724007;215399165.64974004;57.10244235394767
88;88;28.5;59.1;12.0;57.23906824683285;27.0;30.69702265372168;57.82847896440129;0.0420711974110032;14186.02804746494;0.2416396979503775;71.67216039280096;27.83258119066853;201243391.76346195;56.82607270586582
89;89;28.2;58.9;10.0;54.80670208418472;30.0;30.28736720554273;61.11547344110855;0.1478060046189376;14405.598152424942;0.4203233256351039;63.68952770189361;28.38001571430467;207521258.1291489;60.9577643096986
90;90;27.6;64.0;9.0;50.255823457294646;26.0;29.86587852494577;63.06724511930586;0.3036876355748373;15395.453362255965;0.7885032537960954;65.30550121931464;28.22841218417661;237019984.2293985;55.295213320150886
91;91;27.3;66.4;11.0;40.369431957498975;30.0;29.6299674267101;66.47557003257329;0.5689467969598263;16222.57546145494;1.1943539630836049;65.76427231427817;28.19133952936918;263171954.6026;51.13946025232782
92;92;27.0;71.7;10.0;31.895382100531265;32.0;29.099859307359303;70.76731601731602;0.6612554112554112;15959.116883116883;1.425324675324675;76.84794449777404;26.82671452074629;254693411.6889864;45.20950076048038
93;93;26.7;76.7;18.0;39.310175725378016;37.0;28.976454445664103;70.3940724478595;0.2963776070252469;15808.68496158068;0.8090010976948409;76.36342870793213;26.845631263126595;249914520.2145072;46.2243917197529
94;94;26.5;76.3;12.0;39.54556599918268;32.0;29.04260821309656;69.40177580466148;0.2408435072142064;15867.329633740288;0.6570477247502775;75.07530633642915;27.004614697201536;251772149.7057727;46.78278805816648
95;95;26.5;75.6;10.0;36.56395586432367;27.0;28.98415300546448;69.78907103825136;0.0612021857923497;15642.491803278688;0.4404371584699453;75.57806290442053;26.9335655213108;244687549.81564096;47.5071540019709
96;96;26.3;76.6;11.0;41.64446260727421;27.0;28.77942060085837;72.38733905579399;0.0525751072961373;15629.57939914163;0.5493562231759657;78.95093248278657;26.50858895084061;244283752.19407248;45.3887659936521
97;97;26.0;81.2;9.0;46.842664487127095;30.0;28.53405191873589;73.24830699774266;0.1444695259593679;15514.365688487584;0.6106094808126411;80.06857414243858;26.31882271306346;240695542.7161208;45.20444402900805
100;100;25.0;85.6;16.0;33.54311401716388;30.0;27.278734030197448;77.13240418118467;2.9988385598141694;16015.200929152148;4.019744483159117;85.11060719714975;25.421817989010737;256486660.80111584;39.61070463656276
102;102;24.5;87.5;13.0;35.916632611360846;31.0;26.7162147505423;78.61605206073753;3.914316702819957;15827.783080260304;5.07592190889371;87.03656355121514;25.05629313451085;250518717.2357744;39.24117817550903
103;103;24.3;87.6;15.0;26.226399673069064;37.0;27.25477777777777;75.67111111111112;2.75;15907.128888888888;3.7311111111111113;83.2136701191228;25.62247897921769;253036749.48772344;41.340266517142126
104;104;24.7;84.1;16.0;21.597057621577445;38.0;28.3681589958159;71.6663179916318;2.1192468619246863;15520.702928870292;2.9864016736401675;78.01495898187969;26.497470504601967;240892219.40624288;46.50136601036108
106;106;26.4;74.1;12.0;50.64814058030242;35.0;32.6467673378076;56.76957494407159;1.034675615212528;14837.476510067114;1.4966442953020134;70.35493978403966;28.51405584284991;220150709.1867934;54.637193792861375
107;107;27.2;66.8;15.0;59.25950143032284;30.0;34.48407809110629;49.96312364425162;0.9793926247288504;15028.268980477224;1.5119305856832972;61.88807427732305;28.35771979374994;225848868.54957396;59.2159447807968
108;108;27.8;60.6;11.0;62.67266040049039;26.0;35.342609147609146;46.3014553014553;0.6455301455301455;15259.692307692309;1.133056133056133;57.33315247989856;28.80195656759807;232858209.3254438;61.078266288217286
112;112;28.1;61.8;12.0;59.98528810788721;25.0;30.5391976744186;58.22674418604651;0.1732558139534883;14411.404651162791;0.5383720930232558;72.16758126913368;27.734936983812343;207688584.0195565;55.45443984180348
113;113;27.8;60.4;9.0;61.14262362076012;26.0;29.92060948081264;61.6568848758465;0.5406320541760722;14663.873589164785;0.9390519187358916;65.31831832928225;28.224228778377988;215029188.6390045;58.70054506111263
117;117;26.3;74.9;12.0;38.68246832856559;33.0;28.39132420091324;71.50837138508372;3.602739726027397;15850.812785388129;4.420091324200913;77.8099249743657;26.526259937032297;251248265.95742375;45.09348423994333
120;120;25.1;82.6;25.0;16.143849611769514;49.0;27.318862405200434;75.46695557963163;12.407367280606715;16806.69122426869;13.964247020585049;82.94865127705832;25.669104170270696;282464869.90791017;37.31401919972569
125;125;24.1;86.4;19.0;45.410706988148746;34.0;26.624492911668483;77.03162486368593;8.792802617230098;16299.411123227916;9.929116684841876;84.97978332069628;25.255735949807576;265670802.9640059;38.36905985767218
126;126;24.0;86.7;20.0;48.29423784225583;32.0;26.396818181818183;77.68181818181819;8.988095238095237;16140.987012987012;10.237012987012989;85.82381374711059;25.10074368427209;260531461.7534154;38.56309489033234
127;127;23.8;87.4;21.0;36.25010216591745;31.0;26.601871599564745;76.90206746463548;12.502720348204573;16439.956474428727;13.961915125136018;84.81160197567753;25.26787525036454;270272168.881111;37.82189723303602
130;130;26.5;73.4;17.0;58.51409889660809;31.0;33.2200542888165;55.13680781758958;7.350705754614549;15040.208469055377;7.955483170466884;68.32386381585091;28.89403510458127;226207870.79264507;55.00316330497861
133;133;28.8;60.4;13.0;78.34572946465059;30.0;31.702292490118577;58.93280632411067;5.361660079051384;14669.154150197628;6.243083003952569;57.423848170848544;28.97909250428116;215184083.4822603;63.77518225625512
136;136;27.6;67.9;17.0;60.71107478545157;31.0;29.812047930283224;66.640522875817;6.921568627450981;15431.14596949891;8.09368191721133;64.87216773580926;28.27763038099893;238120265.9319825;55.40857189843852
137;137;26.9;74.4;20.0;52.158561503882304;33.0;29.035177570093456;71.96822429906543;7.932710280373832;16164.755140186917;9.394392523364486;78.40687028317137;26.638548027009357;261299308.74219936;43.24301868335036
138;138;26.5;79.3;15.0;49.60850020433184;33.0;29.306311154598824;70.47162426614481;7.0195694716242665;15977.236790606654;8.25146771037182;76.46410045036804;26.92557404141329;255272095.4631148;45.372888262924576
139;139;26.5;78.1;15.0;49.39272578667756;29.0;28.95443465491924;71.8957415565345;7.34654919236417;16103.753303964755;8.697503671071953;78.31277882086322;26.626567708887865;259330870.47495577;43.58843472814528
140;140;26.4;78.9;16.0;73.40253371475276;34.0;28.749520426287745;73.79573712255772;8.241563055062167;14007.90053285968;9.793960923623446;80.77920537901753;26.30058205928678;196221277.3384905;51.77471474249244
149;149;26.2;77.1;20.0;54.61054352268084;46.0;31.204027055150885;61.74401664932362;11.551508844953174;14603.854318418316;13.228928199791884;59.23720145078824;28.81027006904452;213272560.9535853;62.9085769257098
155;155;29.0;60.5;17.0;76.30568042501021;32.0;32.81644276253548;55.84578997161778;6.9309366130558185;14611.012298959318;7.89120151371807;69.2058001260362;28.686394793817296;213481680.40034047;56.43615822771809
156;156;28.7;62.2;18.0;72.53943604413568;26.0;31.16905335628228;60.65232358003443;5.129087779690189;14564.406196213426;6.184165232358003;59.6125582748634;28.77182555678233;212121927.8483;62.85019076103187
158;158;27.1;75.5;12.0;46.921127911728654;30.0;29.23413755458516;72.646288209607;4.101528384279476;14401.973799126636;5.233624454148472;79.28708014628494;26.597227184274544;207416849.3107301;50.89974559994673
159;159;26.6;80.6;16.0;47.90192071924807;30.0;29.553205248359887;72.06654170571696;3.206185567010309;13913.40206185567;4.366447985004686;78.53449829832603;26.767424789822307;193582756.9348496;53.665576394231934
163;163;26.5;81.7;16.0;57.82754393134451;30.0;29.29849541284404;72.66697247706422;5.240366972477064;13407.735779816514;6.553211009174312;79.31393085452068;26.61203704519774;179767378.74137193;55.521597347151776
164;164;26.5;81.0;16.0;65.04617899468737;34.0;28.80647488584475;72.79543378995434;5.141552511415525;12487.174429223744;6.504109589041096;79.48068934568428;26.45816486258373;155929525.2258593;59.70929710532468
178;178;29.0;58.2;19.0;75.12872905598692;;33.119891008174385;52.65122615803815;10.033605812897369;14491.5676657584;10.705722070844686;65.23193166349128;28.06926940217056;210005533.4112544;59.560338265056
180;180;28.6;57.8;18.0;74.63833265222722;;30.892899728997293;59.49774164408311;9.11111111111111;13271.212285456188;10.07226738934056;61.1396310530115;28.622292430225237;176125075.52564326;67.89795625504047
213;216;24.0;65.0;20.0;70.8720882713527;;28.09497737556561;54.40995475113122;7.802714932126697;10532.792760180995;8.81266968325792;67.41969703557729;27.57982787751719;110939723.32892118;68.22553693647015
214;217;25.4;54.4;15.0;81.40580302411117;;31.32020190023753;43.2624703087886;5.508313539192399;12323.401425178146;6.103325415676959;53.55281584390152;29.41369523277279;151866222.68608278;88.73282308765778
217;222;29.6;45.0;14.0;102.0220678381692;;32.97173721340388;46.80776014109348;5.348324514991182;13913.79188712522;6.055555555555555;57.96296892811579;28.856135549822486;193593604.6782316;66.95152960658848
219;224;28.2;53.3;13.0;92.46914589293011;;30.143114463176577;56.70718722271517;2.3930789707187223;13182.9636202307;3.388642413487134;70.27733275759853;27.83227060415279;173790529.8123261;62.40741417285933
220;225;27.4;58.8;11.0;85.07396812423374;;28.95205173951829;62.97948260481713;1.6601248884924176;13144.264049955396;2.181980374665477;69.6403654182094;27.573488144787536;172771677.41494983;62.99942595773901
221;226;26.7;65.7;11.0;79.13036371066613;;28.707874224977857;66.53144375553588;2.517271922054916;13963.054030115149;3.3268379096545617;70.11055325653939;27.45479332433234;194966877.8479149;58.87517681538763
223;228;26.2;74.1;16.0;80.56232120964447;;28.397475642161204;71.00797165633304;1.796279893711249;14271.475642161204;2.987599645704163;77.16034494230956;26.598931234179894;203675017.00480053;52.88238311476493
224;229;26.1;77.1;11.0;75.63874131589702;;28.3847423580786;70.72227074235808;2.1982532751091703;14119.462008733624;3.483842794759825;76.78947022316919;26.63594366277997;199359207.41607216;53.831250270302846
225;230;26.0;76.5;13.0;76.56068655496527;;28.446207513416816;69.84973166368515;1.8112701252236136;13423.813953488372;2.950805008944544;75.65680781324012;26.7766483473337;180198781.0578691;57.80882151481282
226;231;26.2;75.0;10.0;83.8381691867593;;28.16913537117904;68.23318777292576;1.5353711790393012;12303.846288209606;2.427947598253275;73.55833618736354;26.92954485410608;151384633.4838893;87.93411548325051
227;232;26.2;71.2;10.0;88.4871270944013;;27.941296296296297;66.24074074074075;1.1922398589065255;10976.409171075838;2.067901234567901;73.78870036422589;26.84155854175005;120481558.29087776;72.22513381031317
228;233;26.0;68.1;12.0;90.03677973028198;;27.56051583710407;67.67782805429864;0.9900452488687784;11933.133031674208;1.912217194570136;72.83741136846095;26.840517264873597;142399663.95163408;83.08081929582403
230;236;23.7;77.5;15.0;67.61585615038823;;25.42862579281184;69.26744186046511;1.0591966173361522;11753.116279069767;1.8414376321353063;74.90092445178033;26.027282116648355;138135742.26933476;80.7961506873462
234;240;24.2;60.5;9.0;53.002043318349;;28.32133453561768;52.67628494138864;1.4030658250676284;11840.57709648332;1.9161406672678087;65.26310346492563;28.31223943414192;140199265.97776535;82.12432673502491
235;241;25.5;52.6;11.0;72.8140580302411;;31.448122775800712;43.88967971530249;1.4341637010676156;11752.612099644128;1.7962633451957295;54.33303118014306;29.323486855924145;138123891.16470155;81.33616793829549
236;242;26.6;46.1;11.0;85.36820596648958;;33.49759025270758;39.165162454873645;1.2590252707581226;12376.216606498196;1.6931407942238268;48.45598153031008;29.848329698483838;153170737.4909617;89.59588876784778
237;243;27.8;41.8;15.0;89.35022476501838;;34.702710103871574;36.76392823418319;1.5967894239848914;12974.06610009443;1.9206798866855523;45.46897313178539;30.10668945990584;168326391.16961947;79.40661578671727
238;244;28.7;39.3;9.0;87.11401716387412;;35.66576739752145;35.758817921830314;1.428979980934223;13536.579599618684;1.7569113441372737;44.21866905125361;30.19129286244402;183238987.25681275;77.58949123518717
240;246;29.8;42.5;15.0;85.46628524724153;22.0;32.700220883534136;46.01807228915663;0.9859437751004017;14804.33734939759;1.4819277108433735;56.98063899727296;28.975382215624823;219168404.35476848;63.4306886502898
242;250;27.1;60.1;15.0;72.18635063342869;33.0;29.33103884372177;61.96476964769648;1.1409214092140922;12719.754290876244;1.877145438121048;68.04487781639062;27.852304469533102;161792149.22026464;66.01079663926936
243;251;26.7;65.2;19.0;70.10706988148753;37.0;29.029390681003584;65.32347670250896;1.103942652329749;13168.086021505376;1.89247311827957;68.82381593737969;27.684029706493448;173398489.46976528;63.41570467470552
244;252;26.6;69.3;14.0;69.83244789538212;35.0;28.979036251105217;66.25375773651636;1.143236074270557;13576.75685234306;1.8664898320070733;68.88271220211689;27.663711627924272;184328326.62764424;61.470770476349614
245;253;26.5;70.5;12.0;70.81324070290152;42.0;28.89111009174312;64.68990825688073;0.7908256880733945;13974.708256880736;1.5247706422018348;69.59914602107057;27.561190115535076;195292470.86493063;59.151130625883184
246;254;26.5;68.2;20.0;72.51982018798529;35.0;28.766129032258064;64.26416739319966;0.6608544027898866;14347.647776809066;1.3679163034001744;70.27163651440657;27.45325384985225;205854996.7273741;56.97658258378919
247;255;26.4;67.5;16.0;79.38536984062117;35.0;28.63893115942029;65.65036231884058;0.9737318840579712;13130.260869565218;1.9818840579710144;70.60588759006234;27.381663592157025;172403750.50283554;62.44110600219618
248;256;26.2;69.7;16.0;86.38823048630978;41.0;28.06410845588235;66.99540441176471;1.1709558823529411;11977.808823529413;2.2417279411764706;73.06315576619625;26.954693707115865;143467904.21301904;83.64201288172973
249;257;26.0;69.6;13.0;93.97956681651002;39.0;27.803872932985207;67.45517841601392;1.4926022628372495;10752.334203655351;2.6222802436901653;72.54838491447912;26.9391915837589;115612690.82709676;70.08484828165263
250;258;25.8;70.2;11.0;92.88107887208828;36.0;27.31988454706927;67.92273534635879;1.1740674955595027;10797.044404973358;1.9147424511545288;73.1553309784983;26.739437494501264;116576167.88296647;70.4913458344111
252;260;24.3;74.5;10.0;81.95504699632204;31.0;25.685071428571423;68.07755102040817;1.476530612244898;10504.848979591838;2.339795918367347;73.35630065280819;26.26675582700315;110351852.08403169;67.82340941964091
253;261;23.5;71.1;14.0;74.24601552921946;34.0;25.25075829383886;66.38483412322275;0.9734597156398104;11766.703317535545;1.5345971563981042;86.47418033132466;24.713710158853253;138455306.96290198;80.6540446713035
254;262;23.2;68.9;12.0;62.26072742133225;26.0;25.49868902439024;65.1875;1.6356707317073171;13267.536585365851;2.2576219512195124;85.53310068197182;24.884890994972704;176027527.04402137;52.15862854960549
255;263;23.2;67.9;16.0;50.58929301185125;34.0;27.131657519209657;58.00878155872668;2.1877058177826565;12970.098792535677;2.9934138309549945;71.89644728613487;26.825092638353908;168223462.68813542;62.35482378681663
256;264;24.6;59.3;14.0;59.37719656722518;38.0;28.71856756756757;54.42432432432432;1.2009009009009008;11950.63063063063;1.8432432432432435;67.4375720247979;27.74980054135522;142817572.46976706;83.44569086942909
257;265;26.0;54.5;14.0;76.07029015120557;40.0;32.11295454545454;45.15151515151515;1.2831439393939394;12783.878787878788;1.7481060606060606;55.90268773969329;29.12108743405085;163427556.86317724;73.55459383969684
258;266;27.3;47.4;9.0;79.11074785451574;32.0;34.60144827586207;40.38128078817734;1.1704433497536946;13679.936945812808;1.6206896551724137;49.96876843126199;29.6294915389024;187140674.84141424;73.20641133550309
260;270;28.9;51.8;9.0;66.71352676747037;32.0;32.29520851818988;52.37355811889974;0.5732031943212067;13783.283052351377;1.067435669920142;64.88652730528176;28.148629379232105;189978891.7012367;63.08835896313383
261;271;28.6;56.1;16.0;66.4977523498161;30.0;30.681741821397;58.4367816091954;0.6684350132625995;13527.059239610964;1.1927497789566754;72.4288567172113;27.745689001371428;182981331.67194435;59.41210172672992
262;272;28.0;60.6;13.0;63.35921536575398;37.0;30.241727688787183;60.78489702517162;0.580091533180778;14023.322654462245;1.0446224256292906;63.96880226842322;28.35241907801948;196653578.271154;62.56110098476575
263;273;27.6;63.5;15.0;56.61136085002043;36.0;29.409417475728155;66.54757281553398;1.720388349514563;15080.49708737864;2.6;66.79254797908828;28.09242525415073;227421392.4024357;55.80429648765673
264;274;26.9;70.9;15.0;52.68818961994279;39.0;28.88658181818182;69.8409090909091;0.9918181818181818;14432.523636363636;1.8627272727272728;75.6453550350362;26.899312275700684;208297738.51419505;53.10949782076069
265;275;26.5;75.5;12.0;55.76787903555374;38.0;28.82968220338984;70.34957627118644;0.5889830508474576;13668.966101694916;1.416313559322034;76.30566723003959;26.81147691737529;186840634.2892847;56.245803764510654
266;276;26.2;80.1;10.0;56.74867184307315;26.0;28.795;71.0;0.0;12428.0;0.25;77.14999675769067;26.70966060789845;154455184.0;89.55493098456509
267;277;26.1;78.2;10.0;54.06129955046996;29.0;28.485307971014493;72.69927536231884;0.1268115942028985;12837.188405797102;0.463768115942029;79.35586394927192;26.38325699789053;164793406.16593155;58.15673192794762
268;278;24.1;81.0;16.0;48.05884756845117;30.0;25.88603703703704;75.16111111111111;3.0675925925925926;13247.748148148148;4.013888888888889;82.55162776115482;25.3174499225062;175502830.9967627;54.17678641932622
269;279;23.6;82.1;16.0;34.288516550878626;25.0;26.13183856502242;71.28340807174888;2.716591928251121;14151.806278026908;3.62780269058296;77.51789508727455;25.935220933523603;200273620.9308018;53.20981765887343
270;280;23.8;76.7;15.0;28.81569268492031;28.0;27.386445454545456;63.18454545454546;1.5427272727272727;13866.981818181815;2.096363636363636;76.99863391539338;26.337856179541344;192293184.74578503;54.87423821986393
271;281;24.9;65.9;11.0;38.70208418471598;29.0;29.04587204206836;57.3216476774759;1.7765118317265556;13087.453111305873;2.196319018404908;71.04168907199582;27.44624129945513;171281428.94062978;62.35935314229119
272;282;26.1;59.1;12.0;50.23620760114426;34.0;32.4291697761194;47.95522388059702;1.736940298507463;13120.522388059702;2.111940298507463;59.39035314468508;28.730964553181416;172148107.73557588;69.73099900422784
273;283;27.5;52.1;10.0;60.94646505925624;31.0;34.615905130687324;43.35430784123911;1.4869312681510165;13909.978702807355;1.8422071636011617;53.66705687810209;29.23227841556584;193487507.5125542;69.74418158272948
275;285;29.5;49.3;17.0;66.94891704127504;31.0;37.23190909090909;41.61272727272727;2.3227272727272728;15539.432727272728;2.8027272727272727;51.50062274184509;29.330248162596565;241473969.48543477;63.54038187253165
276;286;29.6;50.6;13.0;61.57417245606866;29.0;36.742354978354975;43.103896103896105;1.324675324675325;15324.772294372297;1.729004329004329;53.35555791807242;29.15652082918548;234848645.87436077;63.343846247221926
277;287;29.4;52.7;10.0;59.73028197793216;30.0;32.86811320754717;51.22821203953279;0.958670260557053;14686.619946091643;1.4375561545372866;63.46177734594516;28.271960750193884;215696805.4409369;59.7936046070387
279;289;28.4;56.1;9.0;56.23865958316306;30.0;30.48797524314766;58.337754199823166;0.5729442970822282;14384.650751547304;1.206896551724138;72.30567185630508;27.70572655329701;206918177.2439904;55.490078831345706
280;290;28.0;60.1;15.0;51.98201879852881;31.0;29.68490265486726;64.07699115044248;1.107079646017699;15128.31150442478;1.7123893805309736;65.9663107898104;28.16686036459689;228865808.9749112;56.11488208682507
281;291;27.3;67.3;12.0;46.86228034327748;35.0;29.508158590308373;66.9885462555066;1.4625550660792952;15335.964757709253;2.2;66.24111374467427;28.1464727501152;235191815.04970023;54.9684515958034
282;292;26.9;72.4;11.0;41.86023702492848;39.0;29.43013309671695;68.93078970718722;1.5474711623779946;15462.601597160605;2.186335403726708;74.46390879418995;27.178259883976335;239092048.15251368;49.06620212101143
283;293;26.8;75.4;13.0;45.09685328974254;33.0;29.17426185704743;71.04475617902472;1.5270541082164328;15083.03006012024;2.3226452905811623;77.20809575042628;26.8078761820026;227497795.79449075;49.06476053112802
284;294;26.6;78.5;13.0;45.391091131998365;35.0;29.17207584830339;71.72588157019295;1.9853626081170992;14713.783100465736;3.094477711244178;78.09227978972211;26.710664534344424;216495413.1275511;50.216575687891954
285;295;26.6;79.0;15.0;47.39190845933797;35.0;29.1591348973607;71.43695014662757;2.060850439882698;14704.586510263927;3.219208211143695;77.71721147413726;26.74807791517277;216224864.43783587;50.50175567917598
286;296;26.6;78.2;16.0;50.0008173273396;41.0;28.94434042553192;71.7531914893617;2.0659574468085107;14012.35744680851;3.3170212765957445;78.12773140400131;26.64400360935148;196346161.2171299;53.46658554602028
287;297;24.1;76.2;14.0;49.78504290968533;28.0;25.96688202247191;69.562734082397;1.9616104868913853;13307.520599250936;2.669475655430712;75.28424986138305;26.133797585867264;177090104.499488;58.592102194407154
288;298;23.7;74.3;12.0;42.62525541479363;25.0;26.14622965641953;67.4882459312839;1.9240506329113924;13700.556962025315;2.578661844484629;72.59131059248202;26.47748399610684;187705261.06970036;58.49761338356151
289;299;23.7;71.9;15.0;36.05394360441357;28.0;27.393574580759044;62.86054721977053;2.236540158870256;13440.211827007945;2.9832303618711387;77.02730242437508;26.33668928281241;180639293.95484424;56.84706383965133
290;300;24.9;65.5;12.0;47.23498161013486;41.0;29.15143784786642;57.83766233766234;2.806122448979592;13779.948051948051;3.4517625231910944;71.68358402354102;27.405210491155163;189886968.3143869;58.71349611152576
291;301;26.3;59.4;10.0;52.37433592153658;38.0;32.557885771543084;43.985971943887776;1.1633266533066131;13283.41482965932;1.5250501002004009;54.45281362078069;29.25368114128168;176449109.5368131;72.16023554179266
292;302;28.0;45.4;11.0;64.49693502247652;35.0;34.61776842105263;38.6178947368421;0.6242105263157894;13335.848421052631;0.8947368421052632;47.77520942739893;29.86381196040204;177844853.10929197;76.2288423822785
293;303;29.1;40.6;15.0;66.18389865140989;29.0;36.51070281124498;35.38755020080321;1.1124497991967872;14038.329317269076;1.4799196787148594;43.75683163812104;30.197432783433104;197074690.0200964;75.5466009944848
294;304;30.3;37.7;11.0;67.65508786268902;32.0;37.62375690607735;37.505524861878456;1.376611418047882;15251.860036832411;1.7937384898710866;46.391480122630455;29.857854617794864;232619234.5831256;68.18236896187867
295;305;30.3;43.6;11.0;70.20514916223948;33.0;37.16886910062333;39.24844167408727;1.1780943900267142;15089.59572573464;1.5440783615316118;48.55957647538884;29.6487757412126;227695899.1661091;67.53906850964592
296;306;30.0;46.1;14.0;72.89252145484267;27.0;33.188036363636364;48.67454545454545;1.1736363636363636;14232.785454545454;1.7081818181818182;60.285151146525216;28.596085775548755;202572181.79512063;63.96311205175776
297;307;29.2;52.1;10.0;72.83367388639151;26.0;31.23919017288444;55.46405823475887;1.0373066424021835;14172.520473157416;1.5787079162875342;68.73094603052314;28.303425548168043;200860336.5620661;58.788919339665306
299;309;27.5;59.9;11.0;55.375561912545976;29.0;29.75628774422736;59.87300177619893;0.9715808170515098;13813.271758436946;1.3570159857904085;66.43807949485412;28.112620682017067;190806476.6724317;61.94623479964171
300;310;27.0;63.2;16.0;48.05884756845117;29.0;29.134590459045903;66.1935193519352;0.9414941494149416;13531.866786678667;1.5886588658865886;68.15928744600328;27.78564225621706;183111418.73241723;62.14751307285599
301;311;26.4;71.8;14.0;46.41111565181856;28.0;28.91171581769437;68.42806076854335;1.303842716711349;13855.785522788205;2.0563002680965146;73.81130516289873;27.10663633009407;191982792.4535072;56.98527295669443
302;312;26.4;74.3;13.0;48.39231712300777;31.0;28.716505281690143;70.5818661971831;1.7455985915492958;12878.676056338029;2.636443661971831;76.60720795619457;26.74732632345196;165860296.96409443;59.738587104680285
303;313;26.3;76.8;10.0;64.12423375561913;34.0;28.880083256244216;68.86493987049029;1.7604070305272896;14202.331174838111;2.7141535615171137;74.37842765466321;27.03594940081357;201706210.7997785;55.001941222750645
304;314;26.3;75.0;16.0;55.8267266040049;34.0;28.66376851851852;69.64814814814815;1.337962962962963;13877.525925925926;2.1685185185185185;75.39512776235074;26.865222643048444;192585725.82474625;55.86079161290614
307;317;25.8;78.3;12.0;67.04699632202697;36.0;27.806791546589817;71.21037463976946;3.084534101825168;11633.275696445726;4.46685878962536;77.42308876272917;26.407369516485627;135333103.4295148;79.29406164081593
308;318;25.7;76.0;14.0;68.42010625255416;40.0;27.55066968325792;70.65610859728507;2.6814479638009048;10316.973755656109;3.6262443438914014;76.70358366918418;26.41537150206977;106439947.47489692;66.14640689387616
311;321;24.4;78.1;14.0;55.964037597057626;31.0;25.99608455882353;74.31985294117646;5.006433823529412;12833.323529411764;6.154411764705882;81.45957179550119;25.46711211751386;164694192.8105536;56.81591731648842
312;322;23.7;80.9;16.0;45.704944830404585;31.0;26.283412844036697;70.38256880733945;4.395412844036697;13013.445871559634;5.212844036697248;76.34849557598093;26.104783003136586;169349773.45201248;59.2768503305385
313;323;23.8;76.0;16.0;42.11524315488353;29.0;26.97777477477477;65.70900900900901;4.24954954954955;13100.425225225224;5.002702702702703;78.44382356583291;26.067278066985462;171621141.08171737;57.517561958275294
314;324;24.4;69.7;11.0;47.86268900694728;27.0;28.84285579641848;57.475966069745525;2.5014137606032043;12114.925541941564;3.023562676720076;71.23365299196014;27.369294460747856;146771420.8867881;85.46561021732506
318;328;28.8;48.7;10.0;67.1646914589293;26.0;36.12708597285068;41.097737556561086;1.5040723981900452;14964.937556561086;1.865158371040724;50.8600027664643;29.455636140824375;223949356.0717725;66.63481883768578
319;329;29.1;48.3;9.0;71.89211279117286;27.0;36.36027624309393;40.52946593001842;1.1998158379373849;15080.088397790056;1.5395948434622468;50.153102912006055;29.5194488343904;227409066.08516225;66.55412361803735
321;331;28.6;52.0;15.0;72.8140580302411;24.0;30.66481851179673;53.133393829401086;0.5490018148820327;14057.045372050818;0.9056261343012704;65.83172275069478;28.13098926865735;197600524.5918953;61.200431435107554
324;334;26.6;61.9;9.0;57.94523906824684;23.0;28.937251356238697;64.40325497287523;0.9475587703435804;12600.462929475589;1.5289330922242317;69.43628891427704;27.59170572689362;158771666.03708854;65.66866537535769
326;336;26.2;74.0;19.0;56.1798120147119;43.0;28.511978609625668;71.07219251336899;2.2816399286987523;14344.213903743315;3.3279857397504458;77.24371146706017;26.621391146398757;205756472.51634303;52.48913151616479
327;337;26.0;78.0;20.0;56.70944013077238;39.0;28.44856888888889;71.42222222222222;1.9306666666666668;13498.567111111111;2.982222222222222;77.69809282746806;26.55426163578116;182211314.0531706;56.14148955757324
328;338;26.0;78.0;15.0;57.47445852063752;37.0;28.512046511627908;70.78418604651162;2.306046511627907;13240.424186046512;3.390697674418605;76.86984385837727;26.662259914924;175308832.62644544;57.88099645901831
329;339;25.9;77.6;11.0;61.55455659991827;39.0;28.39816;71.288;2.776;12292.352;4.008;77.52385597160199;26.55940146114365;151101917.691904;87.67207446072803
330;340;25.8;78.0;13.0;62.79035553739273;37.0;27.919017132551847;71.04959422903516;1.660054102795311;11696.259693417493;2.680793507664563;77.21437613089076;26.46111511058926;136802490.81586266;80.04893306585384
332;342;25.3;75.3;13.0;69.40089906007357;33.0;27.014310661764707;70.57628676470588;1.4200367647058822;10238.514705882351;2.186580882352941;76.599965170639;26.278817369668083;104827183.38256916;65.51463728201992
333;343;25.0;74.1;10.0;69.47936248467512;38.0;26.802346014492755;70.73278985507247;1.6548913043478262;10433.463768115942;2.419384057971014;76.80312531764991;26.198180091053377;108857166.2005881;67.11704132850463
336;346;23.0;79.2;12.0;50.62852472415202;26.0;25.230837988826814;72.20949720670392;1.8891992551210428;12743.895716945995;2.4571694599627563;78.72007201785132;25.55545834180217;162406878.0443945;59.00272041106872
337;347;23.1;77.2;12.0;47.5096035962403;31.0;26.752488306828813;68.24041159962582;1.561272217025257;12506.477081384472;2.304022450888681;73.56771359768129;26.537946266011573;156411968.98719504;63.4385989939156
338;348;24.5;72.0;10.0;51.687780956273;27.0;28.86892086330936;56.15017985611511;1.1780575539568343;11138.647482014389;1.685251798561151;69.58444504687947;27.55667875506645;124069467.72858548;73.99633496077396
341;351;29.0;39.4;9.0;69.32243563547202;27.0;35.90366727941176;34.4264705882353;0.5349264705882353;13015.279411764706;0.7490808823529411;42.56129941987465;30.35675790307826;169397498.16630623;81.09246539853694
342;352;30.0;35.5;9.0;70.06783816918676;16.0;37.16382379654859;31.822888283378745;0.6530426884650318;13629.25340599455;0.8592188919164396;39.32258070437151;30.6392769456418;185756548.40481403;80.31959906631005
345;355;30.0;43.4;11.0;80.13077237433593;19.0;31.945447963800905;48.01176470588236;0.3493212669683257;13016.036199095022;0.6389140271493212;59.46068694158485;28.7482541228116;169417198.336152;70.17310933296996
346;356;28.9;48.4;11.0;67.71393543114017;23.0;30.721034790365746;53.11329170383586;0.4451382694023194;12257.298840321142;0.967885816235504;65.80671676944809;28.13078440460305;150241374.860938;87.50742784683675
347;357;27.9;54.3;10.0;66.10543522680834;21.0;29.91375;55.00892857142857;0.2;13313.0;0.6991071428571428;68.1647887956015;27.999857857055694;177235969.0;63.16520980572071
348;358;27.3;55.9;11.0;59.35758071107479;26.0;29.322980251346497;61.754039497307005;0.3168761220825852;13249.177737881508;0.829443447037702;68.12351177164547;27.8414908770176;175540710.72997496;63.48967174609689
350;360;26.1;74.6;11.0;51.57008581937066;26.0;28.570973612374885;70.65787079162875;1.3448589626933576;12949.139217470429;2.141037306642402;76.70587121290671;26.69642250846425;167680206.47343066;59.34607068854551
351;361;26.1;77.2;12.0;56.43481814466694;33.0;28.36992063492064;71.95943562610229;1.6075837742504409;13087.139329805996;2.424162257495591;78.39546151106956;26.456381192219787;171273215.83775494;57.61079353837162
352;362;26.0;78.5;11.0;56.47404985696773;32.0;28.446328996282528;72.9600371747212;2.059479553903346;12734.542750929368;3.204460966542751;79.69436466525399;26.335524633280503;162168579.0752477;58.41703706212816
353;363;25.9;80.3;14.0;61.1622394769105;34.0;28.33619946091644;73.3989218328841;1.9784366576819408;12642.11320754717;3.210242587601078;80.2640906142072;26.24291138273895;159823026.3524386;58.48031762756576
354;364;25.9;80.7;11.0;59.14180629342051;31.0;28.14417194570136;71.80633484162895;1.691402714932127;11733.31402714932;2.646153846153846;78.19671797310981;26.415856975452392;137670658.05969897;80.46878062143401
355;365;25.8;77.6;11.0;60.94646505925624;36.0;27.669321880651;70.6609403254973;1.1907775768535265;10773.179023508135;2.027124773960217;76.7098558431816;26.44739896104836;116061386.2725557;70.17069713206726
356;366;25.7;74.5;10.0;62.55496526358807;36.0;27.379136363636363;68.98272727272727;0.7445454545454545;10398.152727272727;1.5045454545454546;74.53133010469438;26.605427054690377;108121580.13968924;66.87840246298413
357;367;25.4;72.1;11.0;60.6718430731508;30.0;27.14556672760512;70.64990859232175;1.987202925045704;10525.893967093236;2.6151736745886653;76.69553530466393;26.304562755066133;110794443.80648978;67.91867617420672
360;370;23.6;79.5;15.0;34.170821413976306;33.0;26.35725069897484;68.30848089468779;3.960857409133271;14086.232991612302;4.890959925442684;73.65607586554022;26.419323272012807;198421959.89398685;56.01025362330339
361;371;23.9;73.2;15.0;30.05149162239477;24.0;27.4855131698456;62.95367847411444;4.690281562216168;14055.658492279746;5.623069936421435;76.5749547867353;26.411462079260662;197561535.65159577;54.26752466504744
363;373;26.3;60.8;16.0;52.19779321618308;37.0;32.14142355008788;49.40421792618629;1.4701230228471005;13125.947275922672;1.944639718804921;61.19282511776186;28.55250260384235;172290491.89030182;68.5414149466051
364;374;27.5;53.1;10.0;60.86800163465468;30.0;34.20154740608229;45.173524150268335;1.186046511627907;13738.103756708408;1.5608228980322003;55.93006577035453;29.01094411713387;188735494.8300857;69.08441825874105
365;375;28.6;49.8;9.0;66.39967306906416;28.0;36.45290528233152;41.18943533697632;1.3005464480874316;14563.91985428051;1.7522768670309654;50.974069956522754;29.426683258048797;212107761.521906;68.43232059629541
368;378;30.0;44.9;10.0;54.43400081732735;23.0;32.5346949602122;48.38638373121132;0.2236958443854995;13444.725022104332;0.3837312113174182;59.92669320005929;28.66805014387656;180760630.91999835;67.871804914233
369;379;29.4;48.9;12.0;52.393951777686965;22.0;31.2896256684492;52.49643493761141;0.3547237076648841;13788.135472370766;0.5900178253119429;65.03937957030163;28.18385997514949;190112679.80444905;62.96698528204546
372;382;27.2;65.4;11.0;38.564773191663264;19.0;29.468402903811253;66.13339382940109;1.7332123411978222;14056.75499092559;2.206896551724138;66.59354302348419;28.110731622044785;197592360.8749115;60.70970365260732
373;383;26.9;71.0;10.0;32.48385778504291;21.0;29.101762557077627;70.4648401826484;1.4703196347031964;14480.33607305936;2.0136986301369864;76.45529388049624;26.870141595782098;209680132.78874412;52.36323714002447
374;384;26.6;77.0;9.0;36.79934613812832;27.0;28.93099811676083;73.31732580037665;1.3672316384180792;14581.242937853109;1.869114877589454;80.15816898722277;26.41847257068963;212612645.6126912;49.500598630900114
375;385;26.4;81.4;13.0;41.46791990192072;23.0;28.849357798165137;75.08532110091743;1.528440366972477;14871.54495412844;2.106422018348624;82.45324306103905;26.145196475428957;221162849.32266307;46.66356815573885
376;386;26.2;84.2;11.0;41.40907233346955;25.0;29.02481994459833;75.62326869806094;1.6509695290858726;14696.790397045244;2.38134810710988;83.15156481726667;26.117270919797832;215995647.9746813;47.02792001214826
377;387;26.3;85.2;14.0;44.54760931753167;21.0;29.02789620018536;76.55143651529194;1.567191844300278;14307.291936978683;2.4976830398517147;84.35644013159921;25.986470274219556;204698602.56993523;48.06708613550237
378;388;26.2;86.9;12.0;49.314262362076015;26.0;28.82496780128795;76.85740570377185;1.5243790248390063;13861.460901563938;2.435142594296228;84.75362554925958;25.887124455632087;192140098.32558572;49.890815935291
380;390;26.0;83.6;15.0;50.70698814875359;25.0;27.99712954333644;76.47903075489282;1.895619757688724;13381.308480894688;2.569431500465983;84.26244860151078;25.7125545511568;179059416.66086408;52.448512193217226
385;395;24.8;86.5;18.0;22.577850429096856;33.0;28.665244444444447;69.00888888888889;4.343111111111111;15119.800888888887;5.043555555555556;74.56529108126671;26.956300341295552;228608378.9196452;50.60025221444945
386;396;26.1;74.0;10.0;34.798528810788724;29.0;30.36705826170009;60.72874880611271;1.9350525310410696;14178.76599808978;2.319961795606494;63.38740172881583;28.408314232354144;201037405.22858688;62.211333875023776
387;397;26.8;67.9;10.0;40.70290151205558;31.0;32.68216;53.083;1.36;13654.608;1.672;65.76903549163532;28.034158665230205;186448319.633664;63.118728525714495
389;399;29.3;53.0;11.0;52.82550061299551;27.0;35.955312180143295;47.31832139201638;1.6888433981576254;14958.509723643809;1.9600818833162743;58.59808012690149;28.63490107040725;223757013.1523464;61.66655373839057
393;403;28.7;61.1;16.0;50.37351859419697;22.0;31.3942403628118;58.85600907029478;0.3526077097505669;14072.925170068029;0.6167800453514739;58.894222408973405;28.83727504633292;198047222.84233427;65.60747601953925
394;404;28.1;63.1;18.0;49.53003677973028;24.0;31.06096036585366;58.5030487804878;0.0823170731707317;13991.268292682927;0.2972560975609756;72.51128957423595;27.841233833204942;195755588.43783465;57.19281867225039
395;405;27.9;62.3;8.0;45.68532897425419;20.0;29.27117575757576;68.02666666666667;0.4315151515151515;14130.17212121212;0.7866666666666666;73.29024653999507;27.262673187136283;199661764.1750802;56.04153028328123
405;415;25.3;83.0;11.0;44.44953003677973;20.0;27.443743842364533;75.8551724137931;0.9763546798029556;11126.526108374384;1.4916256157635468;83.4526041952762;25.648470757498508;123799583.24033682;73.50160404787107
406;416;25.4;81.3;11.0;43.76297507151614;23.0;27.55151635282457;76.04459861248762;1.2170465807730426;12012.828543111991;1.696729435084242;83.69850256242252;25.65131627946032;144308049.60620618;83.80804417052158
407;417;25.3;82.9;10.0;40.761749080506746;21.0;27.610725338491296;75.68762088974854;1.47678916827853;13350.112185686654;2.021276595744681;83.23510183045349;25.71827312166001;178225495.3704193;53.25767095265908
410;420;25.5;78.7;14.0;24.147118921127912;25.0;29.96846233230134;63.07327141382869;1.6831785345717234;14058.435500515996;1.9442724458204328;64.81961696047807;28.275235218381187;197639608.72216845;61.84769468251286
411;421;26.1;70.8;10.0;33.170412750306504;17.0;31.03461461461461;60.30830830830831;2.3183183183183185;14436.564564564564;2.63963963963964;60.31400937695639;28.70352803647137;208414396.42684123;62.99362175428211
414;424;28.4;61.4;14.0;45.43032284429915;27.0;35.30378514056225;50.14658634538153;4.077309236947791;15186.73092369478;4.396586345381526;62.11629217642225;28.29117805667985;230636796.14870733;58.329135636437954
415;425;29.2;59.2;11.0;56.10134859011035;23.0;35.19208562019759;50.9582875960483;2.107574094401756;14959.57848518112;2.43139407244786;63.12600561126472;28.188666390448848;223788988.45429388;58.73684297701947
416;426;29.2;60.6;11.0;56.82713526767471;25.0;31.74740184757506;59.20438799076212;2.0496535796766744;14470.300230946885;2.4653579676674364;57.15843246235545;29.005230629834276;209389588.77374145;64.87449083331458
417;427;28.7;63.0;10.0;50.43236616264814;23.0;30.69388583973656;62.38968166849616;1.9989023051591657;14030.770581778266;2.440175631174533;61.52343739955373;28.591362342790784;196862523.1184944;64.10588337970947
418;428;28.2;65.2;11.0;48.255006129955056;30.0;29.153757637474545;66.78207739307535;1.439918533604888;12768.586558044806;1.829938900203666;67.9554492193478;27.813198765232936;163036802.69028252;65.84070594250564
419;429;27.3;68.4;11.0;46.901512055578266;23.0;28.19040895813048;70.67088607594937;0.982473222979552;12127.610516066212;1.7117818889970788;76.72276664334053;26.58965360315138;147078936.82939976;85.48667895074294
421;431;26.7;73.1;13.0;30.44380874540253;28.0;28.137114583333336;72.48541666666667;1.8822916666666667;13210.383333333331;2.73125;79.07824921370032;26.31759213434054;174514227.81361106;56.594693797800176
422;432;26.6;74.6;12.0;34.3277482631794;29.0;27.975522971652;74.56109481915934;1.9980449657869013;12912.563049853372;3.080156402737048;81.77273324989413;25.978632327863124;166734284.5164386;56.24389882964114
423;433;26.4;77.6;14.0;35.916632611360846;27.0;27.66823834196891;77.62487046632124;2.304663212435233;11655.162694300518;3.401036269430052;85.74988864936846;25.45935546546216;135842817.4306145;79.33211816988148
427;437;26.0;81.6;16.0;58.80833673886392;37.0;27.028238691049086;76.93840230991337;6.054860442733397;5508.7738209817135;8.127045235803658;84.85876904752887;25.380272342291622;30346589.010733467;58.27759868206496
428;438;25.8;79.0;16.0;60.63261136085003;35.0;26.490858585858582;77.75252525252525;7.975757575757576;4392.452525252525;10.173737373737374;85.91560017027903;25.11664201765493;19293639.186597288;65.55606497233877
429;439;25.5;79.1;16.0;58.8279525950143;30.0;26.24137460650577;78.17733473242393;8.257082896117524;5713.208814270724;10.577124868835256;86.46705481686584;24.98760470028908;32640754.955460697;57.26765715117527
433;443;24.0;76.2;15.0;33.05271761340417;29.0;26.610975609756096;64.45426829268293;4.948170731707317;10901.439024390244;6.097560975609756;80.41848658766006;25.75039199752755;118841372.8024985;71.30663383274958
434;444;25.3;62.4;11.0;38.800163465467925;33.0;28.559682337992378;52.03811944091487;2.728081321473952;8436.777636594663;3.4879288437102924;64.46925932713229;28.385108158242645;71179216.88934383;55.91810217008745
435;445;26.9;47.9;12.0;50.11851246424194;33.0;30.30333722287048;46.00816802800467;1.8098016336056009;8338.987164527422;2.420070011668612;56.96831862011559;29.09973597970841;69538706.93015309;55.83404851510858
440;450;29.5;43.2;12.0;68.10625255414794;29.0;31.47340956340956;49.47817047817048;0.976091476091476;11947.176715176714;1.4407484407484408;61.28481818198098;28.57693000398782;142735031.46366066;83.56527706509718
441;451;29.1;47.5;9.0;66.36044135676339;27.0;30.80760180995475;52.88235294117647;1.4445701357466063;12558.76923076923;1.963800904977376;65.51944116023652;28.15713795943863;157722684.59171596;68.39322183322082
443;453;27.3;62.7;12.0;50.765835717204745;31.0;28.428814655172413;67.66056034482759;3.565732758620689;12344.93103448276;4.715517241379311;72.8149957702356;27.082359141069077;152397322.24613562;88.51708316686967
446;456;26.2;76.3;21.0;61.59378831221904;36.0;27.373862857142857;75.45485714285714;7.982857142857143;10349.366857142855;9.825142857142858;82.9329460268428;25.68598397420968;107109394.34372698;66.2479031558961
447;457;26.0;78.2;17.0;63.08459337964855;43.0;27.337502762430937;74.44972375690608;7.994475138121547;10690.139226519335;10.143646408839778;81.6281599936911;25.818524747601955;114279076.6823674;69.26500051299337
448;458;26.0;76.5;18.0;61.08377605230896;45.0;27.348544378698225;73.03076923076924;6.163313609467456;9280.492307692308;8.002366863905326;79.78618352245002;26.022829575520827;86127537.4731361;59.0459700720061
450;460;25.9;73.0;14.0;74.36371066612178;38.0;26.91309423347398;68.90717299578058;5.586497890295359;5704.348804500703;7.315049226441632;74.43325141515643;26.48765420847498;32539595.283408605;57.62672900274467
459;469;26.2;52.1;18.0;61.456477319166325;36.0;29.920444697833524;48.352337514253136;7.149372862029646;7526.330672748005;7.919042189281642;59.884341506452806;28.80678089531164;56645653.39554744;54.41911023102151
461;471;28.58333333333333;64.58333333333333;21.0;21.515;43.0;37.54780898876405;54.38202247191011;6.269662921348314;20867.14606741573;7.477528089887641;67.38495075722408;27.61117054540147;435437784.9988638;27.906102533552072
462;472;29.7;56.91666666666666;17.0;24.425;40.0;36.97924219910847;46.10401188707281;4.855126300148588;20913.759286775632;5.768202080237741;57.08754331278269;28.74427782342342;437385327.505194;28.313720343525347
463;473;29.883333333333336;53.11666666666667;15.0;25.16;49.0;33.00734572490706;42.72416356877324;4.074349442379182;20989.51375464684;4.971003717472119;52.88319072380558;29.398879926526952;440559687.65650886;29.02237645980157
464;474;30.08333333333333;51.05;13.0;25.63833333333333;47.0;31.89603498542274;41.720845481049565;4.14868804664723;21024.92128279884;5.005830903790088;51.635116075943614;29.58972244369103;442047314.94788766;29.37322079566288
465;475;30.21666666666667;49.01666666666667;11.0;26.965;48.0;31.948657718120806;40.480238627889634;3.383296047725578;20948.15212527964;4.090231170768083;50.091866751189926;29.752463687407204;438825077.463858;28.62836221735447
468;478;28.83333333333333;63.73333333333333;17.0;22.03333333333333;34.0;29.45236349453978;53.9789391575663;4.9609984399375975;20410.99531981279;6.271450858034322;66.88353642834451;28.080466499151257;416608729.94541967;25.06037281914975
469;479;27.933333333333334;70.28333333333333;17.0;18.31;43.0;28.45881652104845;58.43050039714059;5.660047656870532;20334.957903097697;7.159650516282764;72.42104322155187;27.1336753450056;413510512.92075545;24.78771834386515
471;481;27.33333333333333;74.01666666666667;14.0;12.916666666666666;51.0;27.842290852228302;60.47928068803753;6.377638780297107;20367.01172791243;7.734167318217358;75.36533227999311;26.641994263728545;414815166.72492254;24.895629149736028
472;482;27.21666666666667;76.53333333333333;19.0;11.968333333333334;39.0;27.712146892655365;61.83212267958031;6.063761097659403;20257.45924132365;7.716707021791768;75.71992297856849;26.567369384356837;410364654.9138889;24.569135873715616
473;483;26.96666666666667;78.85000000000001;16.0;14.788333333333334;44.0;27.52167615947925;63.32628152969894;6.41253051261188;20134.561432058585;7.957689178193653;76.3323700945599;26.44793795676222;405400564.06134105;24.34527032453087
474;484;26.85;78.46666666666667;14.0;19.08333333333333;41.0;27.37876369327073;64.32159624413146;6.226917057902973;19858.291079812207;8.007824726134585;76.8161015145858;26.35568240571415;394351724.610549;24.391728183375157
475;485;26.683333333333334;78.83333333333333;16.0;21.57333333333333;40.0;27.26141357027464;64.40710823909531;5.75686591276252;19842.119547657512;7.545234248788368;77.35414201003823;26.264540477335096;393709708.14353234;24.41802124349507
478;488;30.18;52.06;14.0;29.028;45.0;32.2923579766537;42.20933852140078;5.636575875486382;20689.270038910505;6.526848249027237;52.24277558769686;29.504235543909218;428045894.7429599;26.54967702832069
481;491;28.71666666666667;65.58333333333333;17.0;26.795;42.0;29.820959939531367;52.91005291005291;7.579743008314437;20055.38926681784;8.729402872260016;65.55389845680504;28.204088713155635;402218638.6435923;24.28079983846736
483;493;27.566666666666663;76.45;18.0;20.216666666666665;44.0;28.036696000000003;62.38;10.124;19695.9616;11.8048;74.08093671791434;26.83592979642965;387930903.34867454;24.773922207077185
484;494;27.316666666666663;72.5;19.0;17.226666666666667;45.0;27.903889334402567;59.89735364875702;9.026463512429832;19658.418604651164;10.356856455493183;75.18626401266093;26.67854276443319;386453422.035695;24.89971868870259
485;495;27.28333333333333;72.06666666666668;17.0;15.566666666666668;48.0;27.85725239616613;59.74281150159744;8.206070287539935;19789.4696485623;9.36741214057508;75.43637306012519;26.638357050208786;391623108.9713684;24.52168559226179
486;496;27.08333333333333;75.56666666666666;16.0;16.381666666666668;52.0;27.628359310910582;61.89171452009844;8.190319934372436;19750.68088597211;9.598031173092698;76.10436367300537;26.50226358966016;390089395.459504;24.615737803504864
487;497;26.9;78.0;26.0;19.736666666666668;46.0;27.43611111111111;63.28888888888889;9.045238095238096;19544.101587301582;10.33095238095238;76.74387464262446;26.379385020231503;381971906.8547642;25.369298963637878
489;499;26.71666666666667;77.3;17.0;26.56833333333333;41.0;27.28520481927711;63.56465863453816;8.63132530120482;19198.44497991968;9.906827309236949;77.40385740833594;26.265667724650683;368580289.6470032;27.581679778285267
490;500;26.58;77.42;17.0;32.562;37.0;27.213477218225417;63.91766586730616;8.19904076738609;19178.219024780177;9.459632294164669;77.67484386251473;26.216283300496347;367804084.9624403;27.74802447129767
494;504;26.1;79.43333333333334;18.0;34.17166666666667;36.0;26.51234323432343;63.54785478547855;7.66006600660066;19488.9900990099;8.723597359735974;81.05898279372887;25.653215950339334;379820735.079306;25.64222464154132
498;508;27.1;76.63333333333334;25.0;18.856666666666666;47.0;29.4853651266766;56.40387481371088;9.365871833084949;20130.25335320417;10.62816691505216;69.90002815929405;27.69215266119402;405227100.06418777;24.34015456779174
501;511;28.7;68.13333333333334;18.0;30.223333333333333;41.0;30.5732457496136;51.106646058732615;8.861669242658424;20255.87635239568;10.006182380216384;63.31055569397295;28.405968745108478;410300526.80354255;24.56529535356189
502;512;28.62;68.22;17.0;28.815999999999995;40.0;30.62248861911988;50.61229135053111;8.322458270106221;20064.21851289833;9.427162367223064;62.69560457736612;28.469366264506952;402572864.5333321;24.284893709350406
503;513;28.65;69.35000000000001;17.0;27.135;38.0;30.54230769230769;51.61612426035503;8.539201183431953;20089.633136094675;9.629437869822484;63.944319636698125;28.33961482372337;403593359.54287314;24.301015877748046
507;517;27.383333333333336;74.38333333333333;20.0;17.724999999999998;43.0;27.9207056936648;60.30633520449078;9.825180433039296;19653.82518043304;11.113873295910183;75.02809397745534;26.700461283256587;386272844.2230238;24.916074802080814
510;520;26.866666666666664;77.7;20.0;17.701666666666668;43.0;27.488395256916995;62.198418972332014;9.452173913043476;19477.754940711464;10.52411067193676;76.70668915328946;26.397862934215688;379382937.5304098;25.70157955955051
512;522;26.666666666666668;77.93333333333334;18.0;24.96666666666667;38.0;27.179105351170566;62.719063545150505;8.934782608695652;19255.18394648829;10.000836120401338;78.06793204587424;26.1638567172072;370762108.8131004;27.136808038908537
514;524;26.32;78.26;16.0;33.446;30.0;26.880213903743314;64.05989304812834;7.973262032085562;18734.61390374332;8.967914438502675;79.22219277014949;25.955332963708727;350985758.1223325;32.422007986794846
515;525;26.2;78.46666666666667;15.0;36.08833333333333;35.0;26.750625;63.2516447368421;7.395559210526316;18717.17105263158;8.398026315789474;79.99007111615913;25.835703899577155;350332492.2134696;32.64587878340826
516;526;26.08333333333333;77.55;21.0;34.961666666666666;24.0;26.742701812191104;61.81713344316309;6.941515650741351;19038.484349258648;7.700164744645799;80.30358678302295;25.79926366306952;362463886.3169665;29.008664374356805
517;527;26.016666666666666;77.58333333333333;17.0;35.468333333333334;32.0;26.63992592592593;61.71358024691358;7.610699588477366;19172.437860082304;8.673251028806584;80.8091480824507;25.715688684397037;367582373.4987173;27.796320061422914
519;529;25.916666666666668;77.60000000000001;15.0;15.646666666666668;33.0;26.553857740585773;61.05188284518828;6.409205020920502;19637.02092050209;7.313807531380753;81.34317995055527;25.63360927932188;385612590.6322368;24.977703203327923
520;530;26.75;74.45;16.0;12.435;42.0;28.954537480063795;55.58133971291866;6.645933014354067;20158.213716108454;7.672248803827751;68.87683798776584;27.65759907758017;406353580.224303;24.37665342518069
524;534;29.383333333333336;56.96666666666667;16.0;29.46666666666667;41.0;31.770480916030536;44.52366412213741;6.194656488549619;20121.72213740458;7.042748091603054;55.12167425853675;29.22239445153715;404883701.7749176;24.330569915311496
525;535;29.916666666666668;51.01666666666667;16.0;31.26;41.0;31.876956521739128;40.355731225296445;6.109090909090909;20294.096442687747;7.124901185770751;49.93698612604316;29.77274794907016;411850350.4251115;24.66500762601949
526;536;29.9;50.1;14.0;32.623333333333335;40.0;32.1316875;40.28515625;5.875;20125.9375;6.60390625;49.849194588624734;29.76908410643696;405053360.2539063;24.335215106510848
528;538;30.48333333333333;47.85;16.0;28.485;33.0;33.060810810810814;38.09639639639639;4.786486486486487;20311.3945945946;5.585585585585585;47.12649306757622;30.01327614231431;412552750.3773267;24.71492380698816
529;539;30.133333333333336;50.5;16.0;27.781666666666663;32.0;31.12003558718861;43.26779359430605;5.942170818505338;20047.928825622777;6.708185053380783;53.559437729601534;29.42325995537805;401919450.1972367;24.27794642114179
530;540;29.016666666666666;57.75;16.0;25.385;39.0;29.83617313915858;49.38673139158576;7.523462783171521;19628.375404530743;8.320388349514563;61.17107279336852;28.67316393933964;385273121.0211874;25.01050676242881
534;544;27.016666666666666;77.93333333333334;17.0;12.395;42.0;27.65385057471264;61.02791461412152;7.944170771756979;19999.02791461412;8.805418719211822;76.15015518639163;26.50428827334176;399961117.52951473;24.2729814837902
537;547;26.48333333333333;81.66666666666667;16.0;15.726666666666668;38.0;26.99342948717949;62.18589743589744;7.253205128205129;20023.42307692308;8.135416666666666;79.04788936134285;26.00559183432768;400937471.7174558;24.27247839783763
538;548;26.24;81.98;17.0;25.722;39.0;26.801332788225675;62.01390024529845;6.203597710547833;19919.50286181521;7.151267375306623;79.98867773623373;25.84983643917142;396786594.2618644;24.31581604472893
541;551;26.11666666666667;81.31666666666666;18.0;35.598333333333336;35.0;26.713538205980065;63.20847176079735;9.808970099667777;19373.421926910298;10.879568106312291;80.17362080678953;25.80542369159672;375329477.1580888;26.312869910033477
547;557;28.98333333333333;65.71666666666667;20.0;30.863333333333333;39.0;32.025732725892176;47.49658314350797;11.532270311313592;20467.523158694003;12.4958238420653;58.81982831966546;28.81283563610799;418919504.2516753;25.30042319525641
549;559;30.2;56.45;18.0;31.51333333333333;47.0;32.307818991097925;42.5;8.36572700296736;20671.097922848665;9.135756676557865;52.60434309753096;29.46468046682879;427294289.3359984;26.428860717169336
553;563;29.766666666666666;61.06666666666666;14.0;25.816666666666663;33.0;30.56650878533232;50.25821237585944;5.831932773109243;20027.783040488925;6.576776165011459;62.2551490557964;28.51945829306402;401112093.5168958;24.273013418947304
556;566;27.45;78.11666666666667;19.0;12.528333333333334;48.0;27.96759410801964;61.46644844517185;6.986088379705401;20230.468085106382;7.872340425531915;74.5832705336401;26.761991488063213;409271838.9425079;24.50706644439891
572;582;29.433333333333334;61.38333333333333;18.0;34.294999999999995;37.0;32.124053231939165;44.331558935361215;9.876045627376426;20450.615969581748;10.704942965779468;54.88270556428932;29.229863829563588;418227693.535312;25.22528625241489
574;584;29.766666666666666;59.833333333333336;18.0;33.48;36.0;32.10715562174237;43.96723752792256;10.43410275502606;20437.980640357408;11.375279225614296;54.429508997954905;29.27931564241349;417711052.6556242;25.170994480031457
604;614;27.45;68.8;21.0;28.39833333333333;36.0;28.091904;55.4552;13.0536;19495.5264;13.892;68.71992685488718;27.43691300175421;380075549.6130969;25.60827262633029
612;622;26.366666666666664;77.73333333333333;20.0;40.126666666666665;34.0;26.862015113350125;61.25188916876574;12.16624685138539;19225.26952141058;13.204869857262803;79.8485963386571;25.88187251442403;369610988.1708786;27.367357395694285
616;626;26.1;81.6;20.0;13.061666666666667;42.0;27.224945240101096;60.668070766638586;11.576242628475148;19839.85172704297;12.710193765796124;78.2460530966774;26.157032804052307;393619716.5510499;24.4219169046502
623;633;27.633333333333336;75.28333333333333;14.0;21.83666666666667;36.0;28.114740207833734;61.00319744204637;5.135891286970423;19354.653876898483;6.3189448441247;73.97713677036003;26.868788361734804;374602626.6945415;26.434348898690672
624;634;27.3;78.0;18.0;19.386666666666667;37.0;27.873472340425533;62.306382978723406;4.371914893617022;19372.88170212766;5.483404255319149;74.86636183013047;26.705110306599625;375308545.4446327;26.316317510498024
625;635;27.23333333333333;76.53333333333333;12.0;16.46;40.0;27.7849282700422;61.09451476793249;3.0135021097046413;19414.02194092827;3.9755274261603377;75.51797518818555;26.609500938464265;376904247.9228442;26.062095052019718
626;636;27.08333333333333;77.23333333333333;19.0;20.73333333333333;36.0;27.601;61.54083333333333;3.61;19240.77333333333;4.704166666666667;76.3011691518698;26.47321690632966;370207358.464711;27.246756425337704
627;637;27.05;74.7;13.0;21.936666666666667;38.0;27.623678451178453;60.97053872053872;4.055555555555555;18992.956228956227;5.117845117845118;76.3037653891468;26.47918575178823;360732386.3150472;29.46144796174805
629;639;26.98333333333333;78.05;18.0;30.27;33.0;27.532603201347936;63.60067396798652;6.567818028643639;18661.647851727044;7.875315922493682;76.22793020948251;26.462362033428278;348257100.5418686;33.37868738835357
631;641;26.25;83.60000000000001;16.0;39.905;35.0;26.04920041536864;66.95638629283489;8.229491173416408;18647.642782969884;9.893042575285566;82.59141941707828;25.35808679912631;347734581.3612488;33.568383473703136
632;642;24.766666666666666;95.86666666666667;20.0;37.36333333333334;36.0;24.786972602739727;72.44657534246575;9.184931506849315;19344.76712328767;11.106849315068493;79.0278284257384;25.39945676818345;374220015.0542315;26.499754548830857
636;646;25.48333333333333;82.46666666666665;27.0;11.361666666666666;51.0;27.095409165302787;60.3240589198036;16.32242225859247;20095.489361702126;18.127659574468087;78.92433767473253;26.047207625127346;403828692.68628335;24.305643704481405
637;647;26.683333333333334;75.16666666666667;19.0;20.445;51.0;29.43973399833749;52.78221113881962;10.681629260182875;20135.32834580216;11.749792186201164;65.39487005338411;28.240705658571063;405431447.593264;24.34620041985237
639;649;29.366666666666664;55.06666666666666;17.0;33.97666666666667;37.0;31.78302363488183;40.7921760391198;8.93643031784841;20336.61287693561;9.796251018744906;50.479900396192136;29.7193670185384;413577823.3063433;24.793039121143394
640;650;29.21666666666667;56.68333333333334;20.0;33.1;36.0;31.29663837011885;40.65365025466893;9.110356536502549;20083.707979626484;9.932088285229202;50.30758164527579;29.76280661041698;403355326.2109125;24.2966815411982
641;651;29.21666666666667;58.3;17.0;33.071666666666665;35.0;31.50892714171337;40.41633306645316;9.22497998398719;20245.854283426743;9.977582065652522;50.01237161194928;29.783557420215697;409894615.665749;24.541558826309164
643;653;28.33333333333333;68.43333333333334;23.0;27.313333333333333;43.0;29.02375892149088;54.51784298176051;11.55908009516257;19436.815226011106;12.875495638382237;67.55390428958644;27.82123188293582;377789786.1300972;25.92850989495248
644;654;27.58333333333333;72.85000000000001;20.0;23.016666666666666;44.0;28.119215044971384;57.592804578904335;11.421095666394113;19569.386753883893;12.624693376941948;71.37899391918884;27.153904021314005;382960897.9230864;25.25421362395256
646;656;27.2;78.05;25.0;15.736666666666666;50.0;27.71522462562396;61.13227953410982;11.972545757071549;19559.134775374376;13.550748752079867;75.8400677909097;26.555090493640456;382559753.1612592;25.300107229113163
647;657;27.066666666666663;78.98333333333333;22.0;17.925;48.0;27.53899567099567;61.45974025974026;10.848484848484848;19522.2025974026;12.168831168831169;76.609755950708;26.422404876707912;381116394.25403285;25.474122713869903
648;658;26.933333333333334;79.64999999999999;21.0;21.808333333333334;46.0;27.50315873015873;61.71507936507936;10.957936507936507;19443.555555555555;12.464285714285714;76.72995006005394;26.39939170361963;378051852.6419753;25.889998961289773
658;668;26.85;69.76666666666667;22.0;23.03;53.0;29.211131770412287;50.37510105092967;9.095392077607114;20325.936944219888;10.248181083265964;62.40055238676626;28.57344251462092;413143712.6604029;24.759195821551227
659;669;27.71666666666667;63.06666666666666;21.0;25.508333333333336;50.0;30.149188767550704;46.89547581903276;8.506240249609984;20456.2496099844;9.456318252730108;58.07208259325903;28.98932064672115;418458148.1059869;25.25000603338017
665;675;27.85;65.48333333333333;18.0;21.315;36.0;28.328091743119263;53.28807339449541;7.922018348623853;19483.787155963302;8.998165137614679;66.024135950555;28.23030691246697;379617961.93888056;25.66955514858478
666;676;27.35;71.14999999999999;16.0;20.051666666666662;42.0;27.82513940520446;56.6542750929368;7.526951672862453;19622.706319702604;8.824349442379182;70.21151286603195;27.200389411716664;385050603.3092965;25.03242139983906
667;677;27.21666666666667;72.86666666666667;16.0;15.576666666666668;44.0;27.73788127853881;57.25296803652968;6.898630136986301;19575.510502283105;8.429223744292237;70.95625523028794;27.094958989975144;383200611.42499614;25.227300158192705
668;678;27.08333333333333;76.03333333333333;16.0;18.9;42.0;27.62095802919708;60.27189781021898;6.728102189781022;19189.357664233576;7.969890510948905;76.45107601220238;26.462340062843303;368231447.5658799;27.6559122055926
669;679;26.96666666666667;79.28333333333333;17.0;22.043333333333333;37.0;27.54239732569245;61.72874880611271;6.975167144221586;19210.1929321872;8.491881566380133;76.54191084392775;26.43075571077745;369031512.4918551;27.486933258690488
673;683;26.25;77.39999999999999;15.0;35.580000000000005;36.0;26.769699042407662;62.17236662106704;6.540355677154583;18728.25170998632;7.601915184678522;80.10765463395772;25.82811509664494;350747412.1126056;32.50331234837016
677;687;25.816666666666663;80.86666666666667;17.0;20.115;37.0;26.092751504729147;62.65864144453998;7.304385210662081;19541.46173688736;8.488392089423904;83.2127517209328;25.302205086453107;381868726.8142327;25.381681691610694
680;690;28.21666666666667;65.03333333333333;18.0;22.655;44.0;31.147402390438245;46.19442231075697;6.143426294820717;20574.10039840637;7.105179282868526;57.20000909914031;29.03157165674718;423293607.2037051;25.839662561298532
681;691;29.2;57.63333333333333;17.0;27.501666666666665;39.0;32.4186013986014;42.95182595182595;6.254856254856255;20574.284382284382;6.992229992229992;53.16639069003423;29.39874025324765;423301177.84311104;25.84069135863079
682;692;29.883333333333336;51.3;17.0;29.616666666666664;32.0;31.998411949685536;40.264150943396224;5.047955974842767;20265.66037735849;5.918238993710692;49.82306509792431;29.778726376343045;410696990.5304379;24.58943403605597
683;693;29.933333333333334;50.01666666666667;14.0;30.606666666666666;36.0;31.897687642153148;38.51250947687642;4.459438968915845;20528.69143290372;5.125852918877938;47.64411573654369;30.01748852410243;421427171.9473746;25.59606551899108
686;696;29.46666666666667;57.76666666666667;15.0;27.795;42.0;31.68978486055777;40.83027888446215;5.819123505976096;20189.46294820717;6.592828685258964;50.52729832100289;29.71907175741097;407614414.1370301;24.426668399071698
687;697;29.25;57.333333333333336;14.0;26.7;37.0;30.11918032786885;46.600819672131145;5.334426229508197;19444.760655737704;6.009016393442623;57.70554592728608;29.03015516185699;378098716.958925;25.883161338882644
689;699;27.616666666666664;71.55;21.0;20.49833333333333;40.0;28.15510603588908;57.32952691680261;6.790375203915171;19382.3295269168;7.869494290375204;71.0514904290813;27.199583424890392;375674697.88999087;26.256442984742502
691;701;27.11666666666667;73.88333333333334;16.0;13.57;49.0;27.683202614379084;58.709150326797385;6.446895424836601;19693.647058823528;7.558823529411764;72.76766899964603;26.881962677747417;387839734.4775086;24.781271174034234
692;702;26.96666666666667;75.03333333333333;15.0;11.878333333333332;46.0;27.45934232715008;59.15261382799326;6.714165261382799;19692.74873524452;7.74283305227656;77.43014601525772;26.31080559185566;387804352.7494746;24.78413785403763
693;703;26.8;76.66666666666667;16.0;11.525;47.0;27.34527847049044;59.91354945968412;6.4746467165419785;19656.99085619285;7.41812136325852;77.8226704409987;26.236469278453757;386397289.5204493;24.90478003866856
694;704;26.6;78.64999999999999;15.0;16.65833333333333;38.0;27.16067219917013;61.51203319502075;6.340248962655601;19334.89128630705;7.360995850622406;78.38732932429375;26.123876206140327;373838021.0533123;26.5660608477391
695;705;26.48333333333333;78.73333333333333;16.0;23.811666666666667;35.0;27.073744680851064;62.54723404255319;6.7906382978723405;18758.00510638297;8.061276595744681;78.59884689781569;26.07679889010855;351862755.5710896;32.126554034086624
697;707;26.23333333333333;77.89999999999999;14.0;33.34;27.0;26.865458298926505;61.891824938067714;5.749793559042114;18735.524360033032;6.670520231213873;79.70916858147378;25.89805616276721;351019873.04539114;32.41040600135869
698;708;26.183333333333334;79.14999999999999;15.0;34.895;26.0;26.65437398373984;62.354471544715445;5.257723577235772;19004.565853658536;6.1934959349593495;80.61753669389974;25.74060817129645;361173523.286044;29.344025738003914
699;709;25.98333333333333;80.35000000000001;14.0;33.873333333333335;30.0;26.51;62.34354304635762;5.191225165562914;19389.12582781457;6.19205298013245;81.30182949651496;25.62603565588132;375938200.366826;26.21392249987038
700;710;26.183333333333334;78.43333333333334;14.0;32.20666666666667;28.0;26.669644334160463;61.69975186104218;5.7245657568238215;19458.315963606285;6.596360628618693;80.67138530027486;25.738934572114125;378626060.1395352;25.80724716815037
703;713;26.616666666666664;78.08333333333333;16.0;17.011666666666667;48.0;29.066767757382284;56.10614525139665;7.658419792498004;20174.51875498803;8.790103750997606;69.52966832706329;27.617210847011005;407011206.9953637;24.40153534993175
704;714;28.23333333333333;68.01666666666667;17.0;22.225;42.0;30.68830940988836;48.76475279106858;7.301435406698564;20641.86283891547;8.351674641148325;60.39736430319331;28.71236804193769;426086501.4605994;26.241401387464787
706;716;30.133333333333336;55.583333333333336;20.0;29.661666666666665;45.0;32.2655701754386;41.90716374269006;7.560672514619883;20568.91228070176;8.448099415204679;51.86688614132218;29.545907397213156;423080152.4112036;25.81079067757305
711;721;29.3;61.63333333333333;22.0;27.043333333333333;40.0;30.321465163934427;49.41290983606557;7.609631147540983;19616.45901639344;8.772540983606557;61.20363739404251;28.644762657716598;384805464.3418436;25.056942306162497
715;725;27.316666666666663;76.76666666666667;18.0;18.60833333333333;44.0;27.886062271062272;61.21703296703296;9.183150183150182;19371.16483516484;10.518315018315018;75.0165221626063;26.692174360305817;375242027.0711269;26.32729350904842
716;726;27.2;77.46666666666667;18.0;14.063333333333333;41.0;27.78562557924004;61.22150139017609;8.406858202038926;19565.99814643188;9.827618164967562;75.49024121607275;26.61272349697994;382828283.4661758;25.269267001563836
717;727;27.016666666666666;78.05;23.0;17.421666666666667;40.0;27.59462603878116;61.59279778393352;8.104339796860572;19462.41181902124;9.268698060941828;76.32128634787489;26.46926151217029;378785473.8131777;25.784669408583984
