;Unnamed: 0;Temp_est;UR_est;MP2,5_est;O3_est;MP10_est;Temp_moqa;UR_moqa;MP2,5_moqa;O3_moqa;MP10_moqa;UR_model;Temp_model;O3_moqa_sqrd;O3_model
2;2;28.0;58.1;7.0;57.94523906824684;19.0;35.00617224880383;47.88516746411483;0.6172248803827751;20800.76555023924;0.9282296650717704;59.30320666701133;28.60802845788371;432671847.4760196;27.363013865601918
6;6;28.4;62.3;7.0;57.86677564364528;20.0;31.059529276693453;59.32376578645236;0.1182548794489093;18821.95177956372;0.2801377726750861;60.38576281711818;28.694556906556198;354265868.79222184;31.346683686010124
7;7;28.2;62.3;7.0;50.53044544340008;13.0;30.56148863636364;60.35568181818182;0.1125;18635.254545454547;0.1931818181818181;62.54048612864392;28.489126724330585;347272711.97388434;33.73780969522364
11;11;26.6;76.6;8.0;33.464650592562315;20.0;29.24152601156069;71.08554913294797;0.6820809248554913;18135.5098265896;1.0566473988439309;77.26104999239458;26.820635156835003;328896716.670328;41.848261269040655
12;12;26.4;79.2;7.0;37.780138945647735;24.0;29.38475609756097;71.55432372505543;1.0210643015521064;17994.146341463416;1.6607538802660753;77.86957673026573;26.79363443178781;323789302.5580013;44.594232612420335
20;20;25.1;75.8;9.0;51.80547609317532;22.0;26.46157276995305;75.6150234741784;2.983568075117371;16994.57276995305;3.8028169014084505;83.1408615085193;25.411745220171277;288815503.63322973;36.31319423852693
21;21;24.1;83.7;10.0;31.73845525132816;27.0;26.34080831408776;74.31870669745959;3.028868360277136;16949.099307159355;3.811778290993072;81.45808383100486;25.56231610386434;287271967.3239497;37.61233404198071
24;24;25.8;71.6;8.0;46.58765835717205;27.0;33.51505841121495;49.45677570093458;0.7955607476635514;17002.205607476637;1.110981308411215;61.25820421040854;28.47498449622647;289074995.51891;50.41224809716736
30;30;29.2;55.3;7.0;60.92684920310584;20.0;31.40672093023256;56.23720930232558;0.2244186046511627;16191.79534883721;0.3546511627906977;69.69270507603851;28.24452922893466;262174236.6186263;48.745589383894114
42;42;25.8;78.2;6.0;55.454025337147534;27.0;27.88895227008149;72.39813736903376;0.1408614668218859;14488.922002328289;0.5762514551804424;78.96495001368723;26.261552472800915;209928860.7895528;50.702111797189
48;48;26.0;74.4;8.0;48.01961585615039;26.0;31.921929824561403;59.8280701754386;1.7216374269005847;15618.825730994153;2.2912280701754386;56.21373047350346;29.097547804574543;243947717.21516505;60.12558902246196
50;50;28.4;59.5;8.0;59.73028197793216;22.0;35.282889908256884;48.772935779816514;1.1720183486238531;15870.825688073395;1.538990825688073;60.407543508497184;28.47543518577911;251883108.0212104;56.24082622440998
51;51;28.8;59.5;6.0;61.672251736820606;30.0;31.08053571428572;60.5698051948052;0.3928571428571428;15066.181818181818;0.8782467532467533;60.046698915822645;28.729827619905784;226989834.5785124;60.22844036115245
52;52;28.1;64.2;6.0;60.69145892930119;26.0;30.689260969976907;61.60046189376443;0.266743648960739;15008.517321016168;0.6466512702078522;61.69717909568018;28.57297394692184;225255592.17524236;59.43141259334953
65;65;28.2;48.6;6.0;62.43727012668574;30.0;35.431647727272725;41.08295454545455;0.1352272727272727;15350.709090909091;0.5102272727272728;50.84161348234106;29.493304660147253;235644269.593719;64.84665568885123
66;66;28.3;48.2;7.0;64.63424601552923;25.0;36.48668934240363;39.25736961451247;0.2244897959183673;15506.122448979591;0.6258503401360545;48.57068236118782;29.68260169915416;240439833.40274885;65.58834732785657
74;74;26.2;79.8;6.0;57.86677564364528;35.0;28.587381228273465;73.39745075318656;0.7404403244495944;14380.811123986095;1.4577056778679027;80.2621809728901;26.31237162734578;206807728.58376223;50.3686452865623
75;75;25.9;81.7;7.0;58.45525132815693;28.0;28.07279768786127;73.57109826589596;0.5676300578034682;13793.590751445086;1.2520231213872832;80.48759667635952;26.145869665387583;190263145.81835145;52.96306047505775
78;78;25.4;80.5;9.0;57.160604822231306;23.0;27.10488622754492;76.74610778443113;2.207185628742515;14202.749700598804;3.1137724550898205;84.60914724150025;25.42867883368417;201718099.05785945;48.39165755471568
79;79;24.8;84.4;8.0;37.21127911728647;29.0;26.865447427293063;77.13870246085011;5.41834451901566;15486.389261744966;6.501118568232662;85.11878313424945;25.30698026270096;239828252.36628976;42.072901784888906
81;81;25.0;79.8;11.0;33.26849203105844;35.0;29.43684210526316;65.77777777777777;3.950877192982456;14919.971929824562;4.612865497076023;66.81111242958397;28.08902735523283;222605562.38675287;56.54132858436102
86;86;28.6;57.3;8.0;58.474867184307314;26.0;35.161840909090905;48.342045454545456;1.455681818181818;15073.345454545455;2.047727272727273;59.87153872839807;28.539110495727776;227205743.19206613;60.30815550711628
98;98;25.7;82.4;7.0;52.25664078463425;36.0;28.06481927710844;74.39759036144578;0.8225629791894852;15475.820372398686;1.465498357064622;81.56048447200598;26.02644261971872;239501016.1987502;44.4206296636851
99;99;25.4;82.9;10.0;48.64732325296282;27.0;27.734274725274723;75.7043956043956;2.734065934065934;16201.8989010989;3.764835164835165;83.25687746111853;25.749956790454814;262501528.00142977;39.93693674782666
101;101;24.8;85.9;9.0;36.05394360441357;30.0;26.91161327231121;78.29633867276888;3.0240274599542336;15587.313501144165;3.966819221967963;86.6215364821079;25.15551238224604;242964342.18295115;40.631307301622144
105;105;25.6;79.2;8.0;35.26930935839804;32.0;29.589220779220778;67.34415584415585;1.775974025974026;14900.190476190475;2.635281385281385;72.40426404141914;27.44716464805301;222015676.22675732;53.02084489198515
109;109;28.3;56.3;7.0;61.88802615447487;27.0;35.44686956521739;47.26847826086957;0.6130434782608696;15263.2;1.0119565217391304;58.53607790735064;28.667646509200196;232965274.24;60.28489324362504
110;110;28.2;58.5;7.0;60.318757662443815;22.0;35.073848515864896;48.5496417604913;1.149437052200614;15223.762538382804;1.5916069600818834;60.12977755575603;28.51594296293893;231762945.8250676;59.43949290635742
111;111;28.3;59.4;8.0;59.73028197793216;25.0;31.964028077753778;56.114470842332615;0.5118790496760259;14864.639308855292;0.9967602591792656;69.5400249219486;28.41486288785829;220957501.78236595;55.03682808870602
114;114;27.3;64.5;7.0;54.84593379648549;24.0;29.44367391304348;65.10326086956522;0.7021739130434783;15254.347826086956;1.0934782608695652;66.9086445189817;28.078220852817868;232695127.59924385;54.91810454487092
115;115;26.7;70.2;8.0;48.84348181446669;26.0;28.706207243460767;69.53621730382294;2.38933601609658;15829.376257545273;3.1106639839034207;75.24982784057346;26.892799094985183;250569152.702938;46.84715288631465
116;116;26.4;74.9;10.0;43.31181038005721;30.0;28.68377551020408;69.4438775510204;3.010204081632653;15943.816326530612;3.803571428571429;75.12995955100568;26.89971181409976;254205279.0541441;46.39059276910427
118;118;26.1;77.7;15.0;45.86187167960769;29.0;28.01082697201017;73.34860050890585;9.618320610687023;16663.26717557252;11.059796437659031;80.19876738286871;26.160342619128997;277664472.9645126;39.75948053702378
119;119;25.6;80.9;12.0;28.560686554965265;42.0;27.56878132118451;74.53872437357631;14.77107061503417;16997.57630979499;16.55239179954442;81.74369367628123;25.869665358595828;288917600.40730387;37.201652380745344
121;121;24.7;84.4;17.0;18.8312219043727;52.0;27.188005923000983;75.6061204343534;9.95162882527147;16555.18262586377;11.241855873642644;83.12930427424708;25.61328787161881;274074071.77570164;38.37088954040677
122;122;24.5;85.0;12.0;31.87576624438088;40.0;27.115392609699768;75.68475750577367;8.290993071593533;16555.9168591224;9.620092378752886;83.23138480794664;25.58211448975688;274098383.04617333;38.301526648341
123;123;24.3;85.6;13.0;40.3302002451982;33.0;27.040585585585585;75.97972972972973;9.52027027027027;16291.477477477478;10.98198198198198;83.61429482105041;25.519651910048324;265412238.3991559;39.28808915929572
124;124;24.2;86.2;10.0;43.19411524315489;35.0;26.69469055374593;76.87947882736157;10.525515743756786;16200.390879478828;12.11400651465798;84.78227916257146;25.296669633704685;262452664.6479008;38.95867026665841
128;128;24.1;85.3;14.0;21.85206375153249;38.0;28.18235091743119;71.48967889908256;7.246559633027523;16136.990825688074;8.153669724770642;77.78565984199612;26.471296646953;260402472.90834105;43.77382781924734
129;129;25.3;79.0;14.0;36.36779730281978;41.0;30.0330269058296;65.92264573991031;6.82847533632287;15261.757847533632;7.526905829596412;63.966165935789945;28.363414395656143;232921252.5967544;56.78416457473274
131;131;27.5;65.8;14.0;73.01021659174499;31.0;33.37602615694165;53.95271629778672;8.821931589537224;14577.223340040242;9.472837022132795;66.8509165773862;27.88256034359401;212495440.305414;58.11491066878124
132;132;27.8;63.4;15.0;80.44462607274214;30.0;34.19051546391753;52.02405498281787;8.597938144329897;14620.920962199312;9.120274914089348;64.45176388495742;28.0979508822702;213771329.7828793;59.460699199881056
134;134;28.3;64.2;8.0;75.56027789129547;30.0;30.758067039106148;62.27932960893855;5.665921787709498;14692.111731843575;6.82122905027933;61.24140892179344;28.61830245739079;215858147.1409756;61.202182518054585
135;135;27.9;66.7;11.0;68.91050265631387;28.0;30.618419421487605;62.87086776859504;6.875;15272.396694214876;8.12086776859504;61.78742181780473;28.56693589691996;233246100.78546548;58.14183948440542
141;141;26.2;81.4;8.0;78.012259910094;30.0;28.59733778625954;74.31583969465649;8.077290076335878;13929.190839694656;9.529580152671755;81.45436211081649;26.18485491136485;194022357.44863352;51.70587644427644
142;142;26.1;82.3;12.0;82.8181446669391;33.0;28.48732692307692;74.375;7.923076923076923;14303.553846153844;9.56826923076923;81.53115942071399;26.146133440358856;204591652.6298224;49.90946251797405
143;143;25.9;82.7;11.0;86.07437678790357;36.0;28.12768085106383;75.2404255319149;8.715957446808511;13792.289361702127;10.324468085106384;82.65458757717403;25.924228320146888;190227245.8369217;51.56940799013449
144;144;25.7;82.8;15.0;86.44707805476094;33.0;27.723921161825725;76.81120331950207;13.203319502074688;14731.751037344398;15.297717842323651;84.6936492052876;25.590115708801022;217024488.6262977;45.86871193838261
145;145;24.9;87.0;18.0;61.00531262770741;40.0;26.96316981132076;79.2188679245283;12.193396226415096;15165.08679245283;14.50943396226415;87.81909224902796;25.038877659528328;229979857.42262727;41.82791401065477
146;146;24.4;89.4;17.0;59.41642827952595;38.0;26.984316831683167;78.94752475247525;12.741584158415842;15977.013861386138;14.865346534653463;87.46685563443089;25.0831945301725;255264971.9269248;38.26691656494391
147;147;24.3;89.1;19.0;44.626072742133225;40.0;27.613925702811247;76.14257028112449;13.414658634538153;16468.883534136545;15.79718875502008;83.82568176736059;25.654626697510377;271224124.8609538;38.32375686221661
148;148;25.0;84.9;20.0;25.52022885165509;43.0;29.32414006179197;69.53450051493306;13.432543769309987;15493.355303810504;15.3697219361483;75.24759923868173;27.063408590198325;240044058.57011303;48.416493496560925
150;150;27.3;69.1;13.0;78.63996730690643;38.0;33.120611169652264;55.57744994731296;12.36354056902002;14706.377239199155;13.620653319283456;68.87199932503464;28.80672717701468;216277531.50163496;56.20678968287729
151;151;28.0;64.5;11.0;80.1896199427871;36.0;34.82827209533267;50.06752730883813;12.519364448857994;14889.390268123138;13.62462760675273;62.01794691543122;28.32612932463059;221693942.55648;59.78007548395573
152;152;28.5;59.9;15.0;87.89865140988967;37.0;35.249710982658954;50.47976878612717;12.892100192678228;15253.333333333334;14.108863198458574;62.530753514751005;28.24952182089489;232664177.7777778;57.75065028128194
153;153;28.7;62.0;15.0;82.13158970167551;38.0;35.728082061068704;50.56679389312977;10.646946564885496;15338.30534351145;11.598282442748092;62.639008146164905;28.21336152555797;235263610.8107919;57.28423903729512
154;154;28.6;63.6;11.0;77.56109521863507;28.0;35.778041338582675;49.25;8.846456692913385;15333.11811023622;9.818897637795276;61.00098617229279;28.386399485691616;235104510.982454;58.36649095770736
157;157;27.6;71.0;10.0;52.59011033919084;28.0;29.394010416666667;70.91666666666667;4.03125;14843.194444444443;5.111111111111111;77.04181990181355;26.88662940533029;220320421.3155864;50.291255605614005
160;160;26.7;80.9;8.0;48.37270126685738;27.0;29.585449591280657;72.18074477747503;3.5386012715712987;14585.4459582198;4.424159854677566;78.6827478491376;26.760116404337523;212735233.80015028;50.434006073303614
161;161;26.7;80.8;10.0;48.88271352676748;29.0;29.35585635359116;72.646408839779;4.325046040515653;14129.47329650092;5.376611418047882;79.28723673899772;26.63076832404053;199642015.6365326;52.17115395180282
162;162;26.7;80.7;11.0;54.29668982427462;35.0;29.34273622047244;73.00196850393701;5.701771653543307;13693.732283464567;6.969488188976378;79.74879665754177;26.57671945468009;187518303.8511997;53.90622145233764
165;165;26.4;79.7;11.0;72.06865549652636;32.0;28.745922509225093;72.86808118081181;5.3118081180811805;12937.38745387454;6.677121771217712;79.57499454165192;26.431166278166057;167375994.13167036;57.54765195503072
166;166;26.2;80.0;13.0;73.32407029015121;36.0;28.652656826568265;71.54243542435424;6.632841328413284;11626.154981549817;8.09870848708487;77.85414426236682;26.59347860082959;135167479.65501562;79.19858530180161
167;167;26.2;78.1;12.0;81.73927257866777;33.0;28.20176415970288;73.90993500464252;7.9201485608170845;11547.335190343549;9.546889507892294;80.92744819299864;26.13336644668524;133340949.99814647;78.19614190799572
168;168;25.9;80.7;11.0;81.81773600326932;30.0;28.198974130240856;73.07225691347011;9.345227475468333;11373.516503122211;10.987511150758252;79.84003960731651;26.25141119101177;129356877.64679328;76.25463175975099
169;169;25.9;79.1;12.0;79.40498569677156;29.0;27.49420957542909;76.19963866305329;9.62691960252936;12022.20054200542;11.22312556458898;83.89976350488521;25.61352616780818;144533305.8721954;83.92328080632478
170;170;25.4;82.6;15.0;70.63669799754803;36.0;27.264573283859;76.85992578849722;11.74860853432282;12888.890538033394;13.161410018552877;84.75689692736519;25.45656141567684;166123499.30140677;54.42679524055424
171;171;25.0;84.0;15.0;60.024519820188;32.0;28.225157515751576;72.34743474347435;12.03960396039604;13657.807380738072;13.458145814581458;78.89913180627444;26.361436821039835;186535702.44934332;54.6226741601518
172;172;25.4;79.7;12.0;54.02206783816919;39.0;30.04441605839416;62.62043795620438;10.47536496350365;12452.29197080292;11.458941605839415;64.54787335859393;28.30046846551211;155059575.32612288;90.2302960531614
173;173;26.7;67.7;13.0;70.69554556599918;;31.90625339366516;53.19276018099548;10.076923076923077;12048.984615384616;10.856108597285068;65.90557135291537;28.059349072741927;145178030.26177517;84.74701458191407
174;174;27.5;57.8;9.0;80.85655905190029;;34.46524314765694;46.0919540229885;8.82316534040672;13792.523430592397;9.537577365163571;57.0725439674553;28.874930362012027;190233702.58344027;68.09253046076792
175;175;28.3;53.0;11.0;84.21087045361668;;36.654900900900905;44.84864864864865;9.501801801801802;14987.603603603604;10.291891891891892;55.52593782504569;28.92833663034462;224628261.77875173;63.51518883379677
176;176;28.8;56.5;9.0;80.20923579893748;;36.01233670653174;46.77828886844526;10.656853725850969;14903.889604415825;11.551977920883164;57.92630822331785;28.703990565869237;222125925.34061408;62.35533341830081
177;177;28.6;58.6;11.0;80.30731507968942;;36.21070661896243;46.8613595706619;10.23345259391771;15064.858676207514;11.011627906976743;58.029643784278285;28.682730183042608;226949966.9341048;61.53749108236976
179;179;28.9;58.0;15.0;79.1695954229669;;31.50499092558984;55.79219600725953;9.23956442831216;14434.70054446461;10.162431941923774;69.13913206830615;28.332107842239765;208360579.8083669;57.30190612066452
181;181;27.8;63.6;14.0;74.65794850837761;;30.153003565062388;63.0855614973262;9.731729055258468;13766.85918003565;10.81283422459893;63.9452656048293;28.35949654460786;189526411.68293184;63.77298344910467
182;183;26.8;72.4;11.0;68.77319166326114;;29.363797909407666;68.89547038327527;10.78397212543554;13363.567944250872;12.21602787456446;74.41805999323995;27.16498066360164;178584948.20060948;58.89007892441922
183;185;26.6;77.8;15.0;71.87249693502248;;29.17596385542169;69.12650602409639;13.518072289156626;14761.5421686747;15.042168674698797;74.71797250387496;27.080424771605887;217903127.19756132;52.17329498726908
185;187;26.6;75.8;18.0;82.07274213322437;;29.02469124423964;70.4221198156682;19.331797235023043;14012.519815668204;21.44884792626728;76.39983762071421;26.854952136029635;196350711.58449405;54.58192670415865
186;188;26.5;76.9;24.0;89.91908459337967;;28.531746641074854;70.40786948176583;20.50095969289828;12851.685220729369;22.74760076775432;76.38133894491313;26.72106701151542;165165813.01271367;60.01042415461352
187;189;26.3;75.1;19.0;95.86268900694728;;28.17689338235294;69.86948529411765;18.229779411764707;12297.441176470587;20.176470588235293;75.68245044082829;26.69959580705384;151227059.4887543;87.79032428333656
188;190;26.0;74.2;21.0;94.76420106252554;;27.67804672897196;71.20560747663552;19.5392523364486;14047.147663551405;21.48411214953271;77.41690040209778;26.37255033313961;197322357.4816177;53.76339878049665
189;191;25.3;77.3;22.0;78.1691867592971;;27.05112932604736;73.43442622950819;21.87887067395264;14723.584699453551;24.326047358834245;80.3101796621665;25.8835777228362;216783946.40198272;48.738232112421336
190;192;24.7;80.1;26.0;68.89088680016346;;26.6118016378526;74.04003639672429;21.76888080072793;14133.037306642402;23.96451319381256;81.09633570748635;25.676555633504176;199742743.51094592;50.98597232441957
191;193;24.4;80.4;17.0;70.44053943604413;;26.17955182072829;73.937441643324;19.58823529411765;13930.771241830063;21.765639589169;80.96315517325836;25.571934779637083;194066387.39219952;52.015787556952304
192;194;24.0;79.8;22.0;65.81119738455251;;26.522627345844505;69.11349419124218;19.430741733690795;13742.8418230563;21.41554959785523;74.70108155386656;26.35073724625191;188865701.3735454;56.93754399608635
193;195;24.3;73.0;20.0;67.32161830813241;;27.578590544157;63.4228367528992;14.140053523639608;12197.595004460303;15.444246208742197;76.04485832397114;26.495043943644077;148781323.89283493;86.43299465225175
194;196;25.1;66.2;19.0;74.55986922762567;;29.31074211502783;56.33395176252319;12.538033395176251;12492.883116883117;13.492578849721706;69.8130475809946;27.653512350510017;156072128.5721032;65.9272817246994
195;197;26.0;59.1;18.0;79.3461381283204;;31.999422548121;48.993583868011;13.522456461961504;12934.423464711272;14.370302474793768;60.68201806282277;28.614552093143296;167299310.36447355;69.76502632614982
196;198;26.9;54.2;14.0;86.03514507560277;;34.14303587856486;41.95860165593376;13.83808647654094;13429.460901563938;14.65317387304508;51.930872185472985;29.44267679663735;180350420.1066345;73.10777084311975
197;199;27.9;47.3;17.0;94.21495709031468;;35.607528301886795;37.02264150943396;15.922641509433962;13354.91320754717;16.579245283018867;45.79079876600514;30.02574381758156;178353706.78111783;77.42167532242748
199;201;29.9;39.3;14.0;110.96689824274624;;38.07106442577031;34.564892623716155;16.096171802054155;15161.366946778711;16.786181139122316;42.73348911255832;30.22704515255226;229867047.694874;70.96742395769395
200;202;30.5;40.0;16.0;115.96894156109522;;34.62855752212389;40.12566371681416;15.2858407079646;14618.67610619469;16.024778761061945;49.6507943109579;29.662188085350447;213705691.0978276;69.0315671812031
201;203;30.2;41.7;17.0;110.65304454434;;32.687978533094814;42.26923076923077;14.01788908765653;13573.12343470483;14.73076923076923;52.31727837702628;29.47594119511396;184229679.77373344;72.18783835332378
202;204;29.5;41.3;19.0;103.17940335104213;;31.86238260869565;43.2408695652174;15.869565217391305;13537.377391304348;16.942608695652172;53.52594566109903;29.388745475105065;183260586.6345981;71.57391759229442
203;205;29.0;42.1;11.0;100.6881896199428;;30.72468500443656;51.07364685004436;14.585625554569654;13939.67701863354;15.732919254658386;63.26950642329075;28.40259595225969;194314595.3838201;63.40309463012655
204;206;27.9;52.0;15.0;92.21413976297508;;29.74499105545617;60.12969588550984;13.141323792486585;13952.0;14.415026833631485;66.4420563133921;28.11277421488169;194658304.0;61.296348798550966
205;207;27.0;64.1;14.0;81.28810788720882;;29.32642857142857;63.0;12.607142857142858;13886.857142857143;13.392857142857142;67.86742789724332;27.870422185475515;192844801.30612245;60.67962010780685
206;209;26.0;75.7;10.0;90.46832856559053;;27.826050338818977;69.1839303000968;10.26815101645692;12873.463697967089;11.72216844143272;74.7925162354199;26.700104535061115;165726067.58287647;60.93507258654128
207;210;25.3;74.9;12.0;84.72088271352676;;26.72788043478261;72.98550724637681;12.326086956521738;12816.463768115942;13.935688405797102;79.72742793250202;25.85813044094812;164261743.5194287;58.01343037270557
208;211;24.4;79.5;15.0;76.9922353902738;;25.983528880866427;73.9341155234657;12.316787003610107;12916.895306859204;13.96841155234657;80.95883746299587;25.518362416127456;166846184.36836132;56.74940403814095
209;212;23.8;80.3;15.0;72.59828361258684;;25.37964570416297;70.26572187776793;10.568644818423383;12077.250664304696;11.760850310008856;76.19681397446162;25.87218485358793;145859983.60844824;84.84096541850909
210;213;23.3;74.4;11.0;72.73559460563956;;24.782152255639097;70.00751879699249;10.75845864661654;12700.496240601504;12.088345864661656;75.86163480498874;25.74407687767524;161302604.75753292;61.05157682898193
211;214;22.7;73.9;14.0;67.40008173273397;;25.091495844875347;67.62788550323177;11.225300092336104;13052.49861495845;12.529085872576175;72.77257983067418;26.166884525663622;170367720.09349224;61.40441904271912
212;215;22.9;71.0;13.0;61.39762975071517;;26.252969752520624;63.09715857011916;9.937671860678275;12005.455545371218;10.971585701191568;82.37130117998504;25.43831750403069;144130962.85188454;83.74859336584942
215;220;29.0;34.2;11.0;105.21945239068248;;36.76;32.847566574839306;8.104683195592287;13711.147842056933;8.612488521579431;40.5972263162013;30.52335836226028;187995575.1467425;79.11414086908944
216;221;30.0;35.5;14.0;108.8483857785043;;37.19350970017637;37.54320987654321;6.768077601410935;14680.395061728395;7.313051146384479;46.438358288172246;29.874913850872044;215513999.16841945;70.81859097335118
218;223;29.0;49.7;11.0;98.07928075194116;;31.06316066725197;52.05618964003512;4.454784899034241;13324.797190517998;5.2273924495171205;64.49173769932528;28.25419387136369;177550220.16843635;65.48269780064328
222;227;26.3;70.9;10.0;73.28483857785044;;28.49150044923629;69.06918238993711;3.022461814914645;14032.301886792451;4.252470799640611;74.64355941774535;26.899846719156866;196905496.242079;55.62405509043271
229;234;25.4;70.9;9.0;84.40702901512056;;26.529247121346323;71.0088573959256;3.679362267493357;13400.233835252437;5.1098317094774135;77.16149474060056;26.083729217744686;179566266.83944422;56.94692552919952
231;237;23.3;72.9;7.0;68.20433183489988;;24.841710646041857;67.24203821656052;0.8971792538671519;11767.818016378524;1.3575978161965423;88.24202188928625;24.407774069182093;138481540.86660296;80.62067886852378
232;238;22.7;70.3;5.0;58.25909276665304;;25.10471726190476;65.8735119047619;1.1651785714285714;13180.833333333334;1.875;87.26265294617805;24.5872949921326;173734367.36111113;51.44602292529426
233;239;22.7;69.4;9.0;44.13567633837352;;26.70199695121951;59.08689024390244;1.6890243902439024;13489.512195121952;2.423780487804878;81.02136969165295;25.70961380267072;181966939.26234385;54.037135627941225
239;245;29.6;38.0;9.0;86.58438904781366;24.0;36.48873333333333;37.5152380952381;1.4742857142857142;14520.426666666666;1.8942857142857144;46.40356287131531;29.914820501461996;210842790.5820444;71.58749192102104
241;249;27.7;55.3;8.0;76.91377196567225;33.0;29.83026168224299;57.66168224299066;0.5757009345794393;12561.585046728973;1.0345794392523364;71.46467409121199;27.616283167797665;157793418.88620493;64.5398774853385
251;259;25.2;71.4;8.0;89.64446260727424;33.0;26.54488909426987;69.91219963031423;1.4057301293900184;11257.759704251386;2.4380776340110906;75.73789887191577;26.24358868924697;126737153.55866626;75.09738942060233
259;269;28.7;49.2;8.0;70.30322844299143;27.0;35.53458987783595;44.1282722513089;1.0828970331588132;14256.12565445026;1.5977312390924956;54.62982767868351;29.081909158588555;203237118.6754748;67.50714902435647
274;284;28.8;48.0;8.0;69.04781364936657;27.0;36.84260617760618;41.38513513513514;2.9324324324324325;15205.791505791503;3.4063706563706564;51.21751015725498;29.38058201372375;231216095.31760103;65.28004990693577
278;288;28.9;55.5;8.0;60.6718430731508;29.0;31.04684676705049;54.92648361381754;0.5305580159433126;14128.14171833481;1.0256864481842338;68.06223162784242;28.32346188808816;199604388.4133525;59.427937048443866
298;308;28.2;58.2;8.0;65.71311810380058;28.0;30.40358657243816;57.24116607773852;1.1775618374558303;14154.840989399294;1.7243816254416962;70.9415742176135;27.83150628757694;200359523.4351784;57.44350173173344
305;315;26.2;75.7;7.0;60.78953821005313;35.0;28.44701986754967;70.61873226111636;1.477767265846736;12694.66035950804;2.419110690633869;76.65506461481294;26.667799379241128;161154401.6432648;60.56630724547372
306;316;26.0;76.7;9.0;68.10625255414794;39.0;28.204046728971964;71.97757009345794;1.919626168224299;12282.885981308413;2.9560747663551403;78.41900226700805;26.40807709981508;150869288.02982274;87.51949233864713
309;319;25.4;75.1;10.0;64.53616673477727;30.0;27.271779359430603;70.40391459074733;2.911921708185053;10392.29893238434;3.903024911032028;76.37620501280452;26.3742510831304;107999877.10003668;66.78018532612421
310;320;25.0;75.5;9.0;60.39722108704537;33.0;26.679348416289592;72.20361990950227;4.011764705882353;12277.661538461538;5.206334841628959;78.71244256746336;25.95565076967464;150740972.85301775;87.44071194481668
315;325;25.8;59.9;7.0;57.0036779730282;33.0;31.99132893496701;49.07068803016023;1.8576814326107445;13095.374175306317;2.2686145146088594;60.77793156343694;28.6046852374694;171488824.79127958;68.95206379801085
316;326;27.0;53.5;7.0;61.29955046996322;29.0;34.54770376862401;42.83698510078878;1.7072743207712533;14758.156003505695;2.005258545135846;53.02353474387704;29.30476731839229;217803168.6238112;66.20218772362375
317;327;28.3;48.2;9.0;61.04454434000817;27.0;35.41678571428572;42.17857142857143;2.450892857142857;15356.514285714286;2.8151785714285715;52.20450295111373;29.347960428954973;235822531.00734693;63.93923670492632
320;330;29.1;48.1;8.0;73.06906416019616;27.0;32.4789645522388;48.90578358208956;0.8152985074626866;14470.731343283582;1.162313432835821;60.5727991498236;28.601645711870784;209402065.60948983;62.66703665612784
322;332;28.0;53.7;7.0;65.79158152840213;27.0;30.105695067264573;54.50403587443946;0.4896860986547085;13217.765022421523;0.9704035874439462;67.5367289781687;28.12140166003365;174709312.18794984;64.01526675998599
323;333;27.2;56.1;5.0;60.76992235390274;28.0;29.445313620071687;58.72670250896057;0.6326164874551972;12602.136200716846;1.1164874551971329;68.12809051419694;27.874718276411038;158813836.82141802;66.50586261552927
325;335;26.2;69.4;8.0;56.062116877809565;28.0;28.810227670753065;68.04553415061297;1.7136602451838878;14198.234676007003;2.4316987740805605;73.31473884109454;27.132912260714114;201589867.9149677;55.70812455200068
331;341;25.6;76.4;9.0;66.02697180220677;36.0;27.28239814814815;71.33888888888889;1.4703703703703703;10742.607407407408;2.2935185185185185;77.58991597159095;26.24456452468774;115403613.90968452;69.85976764884819
334;344;24.5;75.9;9.0;64.47731916632611;30.0;25.77205199628598;74.31104921077066;2.539461467038069;12483.223769730734;3.481894150417827;81.44814347699771;25.40659434360373;155830875.68517038;58.45689315473166
335;345;23.5;80.8;9.0;53.55128729055988;28.0;25.175821462488127;73.5954415954416;1.8262108262108263;11961.739791073123;2.550807217473884;80.51919729458146;25.3437115624659;143083218.8293421;83.23939526415376
339;349;26.2;56.7;7.0;59.16142214957091;30.0;32.297118181818185;43.346363636363634;1.25;12190.88;1.6009090909090908;53.65717470730917;29.352362059735885;148617555.17439997;86.93779769424549
340;350;27.7;44.4;7.0;65.77196567225174;27.0;34.55986474301172;37.7439134355275;0.7799819657348963;12717.258791704238;1.0649233543733092;46.68802290278343;29.983334844339748;161728671.17517874;79.81747849873439
343;353;31.1;32.5;6.0;68.4789538210053;21.0;37.69868301544051;33.776566757493185;0.4877384196185286;14255.898274296094;0.7992733878292462;41.75285341992473;30.35128763320466;203230635.6070784;75.82583661230166
344;354;30.8;37.2;7.0;76.344912137311;22.0;33.79443562610229;42.52557319223986;0.6287477954144621;13258.25749559083;0.9779541446208112;52.63615479642287;29.38496151723684;175781391.81939042;73.45105651342452
349;359;26.6;66.0;7.0;52.64895790764201;23.0;28.721632286995515;68.25829596412557;0.5695067264573991;12602.130941704036;1.1004484304932736;73.59092968953262;27.07830868682536;158813704.27185425;62.97727432995611
358;368;25.1;74.8;9.0;58.90641601961586;28.0;26.804958525345626;71.03410138248847;2.5373271889400923;11233.179723502304;3.2184331797235024;77.19426452175466;26.15616316733261;126184326.7005033;74.79459643607075
359;369;24.4;76.8;7.0;52.55087862689008;26.0;25.922954128440367;73.01467889908257;3.4642201834862387;13209.585321100918;4.517431192660551;79.7652963045474;25.6320721397048;174493144.35544485;56.15463292000477
362;372;25.0;65.4;10.0;42.076011442582754;36.0;29.08681651376147;58.84954128440367;5.091743119266055;13752.308256880731;5.865137614678899;69.79840439548244;27.59337533346759;189125982.39226997;60.06016010473764
366;376;29.6;47.5;7.0;66.4977523498161;27.0;35.94370100273473;40.99908842297174;0.5888787602552416;13984.131267092069;0.854147675478578;50.73728846062959;29.47820481829412;195555927.29526204;71.29060560153287
367;377;29.8;45.5;7.0;59.86759297098488;21.0;36.18662454873646;40.30324909747292;0.9259927797833934;13961.516245487364;1.1624548736462097;49.87170113417084;29.558529819305665;194923935.8730076;71.95523812957917
370;380;28.8;52.1;8.0;48.29423784225583;21.0;30.83354954954955;55.78108108108108;0.5657657657657658;14306.205405405406;0.9468468468468468;69.12530568787317;28.14850009407837;204667513.1016509;57.91040576303774
371;381;28.1;57.1;8.0;39.85941969758888;22.0;29.8170390070922;62.0186170212766;0.6524822695035462;14332.666666666666;1.0221631205673758;65.73808817472403;28.184544114936934;205425333.77777776;59.97484146692482
379;389;26.2;86.3;9.0;49.059256232120966;26.0;28.155346715328463;76.73905109489051;1.8968978102189784;13276.04379562044;2.6350364963503647;84.59998679565139;25.719294942955376;176253338.863232;52.72165965813407
381;391;25.7;83.9;9.0;48.255006129955056;28.0;27.900909926470582;75.42738970588235;1.4724264705882353;13330.323529411764;2.083639705882353;82.89728993519158;25.83518838845414;177697525.3987889;53.568209338195295
382;392;25.5;82.5;11.0;46.15610952186351;23.0;27.48388529139685;77.13876040703053;3.9324699352451433;14105.783533765032;4.802960222016651;85.11885835547675;25.47747727703957;198973129.1014367;48.51487176862766
383;393;25.0;85.9;6.0;37.36820596648958;27.0;26.8386165273909;79.93871866295265;5.272051996285979;14653.147632311977;6.195914577530177;88.7535465240308;24.90243627826622;214714735.5343301;43.61307151228859
384;394;24.6;88.6;10.0;26.30486309767062;25.0;27.334936479128856;77.89201451905626;6.514519056261343;15277.647912885664;7.715063520871143;86.0966742936622;25.32957213016648;233406525.7500997;42.41525645317235
388;398;29.1;54.5;7.0;52.57049448304046;27.0;34.63334405144695;47.78027867095391;1.0192926045016075;14410.58092175777;1.2497320471597;59.172730554609146;28.64115342609658;207664842.50252905;63.85205000699129
390;400;29.5;55.6;9.0;59.22026971802208;24.0;36.82742268041237;45.29690721649485;2.565979381443299;14907.876288659794;2.879381443298969;56.083547780513605;28.859703042886967;222244775.4379849;63.52702585478399
391;401;30.3;53.3;8.0;62.16264814058031;22.0;37.03;45.39473684210526;0.9605263157894736;15304.842105263158;1.0526315789473684;56.2052426617563;28.836258500968725;234238191.867036;61.59614468128612
396;406;26.6;73.6;5.0;41.97793216183081;23.0;29.05040314650934;69.20845624385447;0.3382497541789577;14097.982300884956;0.6666666666666666;74.82435390921738;27.034183701018268;198753104.95606548;55.20080431558084
397;407;26.5;75.2;6.0;36.28933387821823;27.0;29.10335557673975;69.64251668255481;0.3469971401334604;13595.149666348903;0.7607244995233555;75.38781743144833;26.987216907211835;184828094.4504267;57.18310416110232
398;408;26.5;76.0;8.0;38.13322435635472;23.0;28.684524271844666;72.97281553398058;0.6368932038834951;13807.223300970874;1.120388349514563;79.71095253798937;26.39938336054589;190639415.28287303;53.40110779759213
399;409;26.2;80.4;6.0;40.23212096444626;23.0;28.59567481402763;74.95324123273113;1.0786397449521783;14441.657810839532;1.6312433581296493;82.28178724265835;26.093989137952413;208561480.32538244;48.780205008380186
400;410;26.2;82.5;7.0;37.21127911728647;26.0;28.50248015873016;75.20436507936508;0.6636904761904762;13842.349206349209;1.242063492063492;82.60777670063389;26.03267636505061;191610631.55051655;51.36606124414183
401;411;26.2;82.2;8.0;41.29137719656723;26.0;28.460497409326425;75.3378238341969;1.005181347150259;13140.874611398964;1.5533678756476683;82.78102248247767;26.002172167170365;172682585.55250987;54.52729405151672
402;412;26.1;82.7;7.0;45.822639967306905;22.0;28.04704322200393;75.74656188605108;0.8516699410609038;12098.027504911592;1.5;83.31161445040077;25.830207283258076;146362269.5095974;84.92336476735571
403;413;25.9;82.0;6.0;46.901512055578266;23.0;27.282782874617737;78.26401630988786;0.7614678899082569;11818.96024464832;1.4576962283384305;86.57957810301605;25.262429505756515;139687821.26457748;81.29133620445663
404;414;25.5;83.6;7.0;44.881078872088274;25.0;27.28254745254745;77.12087912087912;1.074925074925075;11475.452547452547;1.669330669330669;85.09564625969797;25.42450404431513;131686011.16883516;77.26054920317733
408;418;25.2;83.4;8.0;32.77809562729874;21.0;28.087701030927835;73.76907216494845;2.1762886597938143;13906.639175257733;2.7979381443298967;80.74459100370233;26.121898488072272;193394613.15081307;52.26956694023317
409;419;25.3;81.9;6.0;24.441356763383737;28.0;28.83725947521866;69.86880466472303;3.0991253644314867;14742.204081632652;3.4810495626822155;75.68156690065315;26.881757321369424;217332581.1845064;51.64111334804507
412;422;26.6;68.8;8.0;35.28892521454843;27.0;31.88690763052209;57.639558232931726;2.110441767068273;14515.66265060241;2.4006024096385543;71.43715299256795;28.1863138702132;210704462.18609375;55.43976922604188
413;423;27.4;64.7;7.0;41.87985288107888;22.0;33.13530973451327;54.17809734513274;3.2964601769911503;14923.309734513274;3.59070796460177;67.13127868262775;27.864860492386978;222705173.43221864;56.31894906307969
420;430;26.7;72.4;9.0;42.82141397629751;28.0;28.29934169278997;71.20480668756531;1.830721003134796;13669.467084639498;2.552769070010449;77.41586087997175;26.543956859366325;186854330.37804267;55.52635852625329
424;434;26.2;81.4;10.0;45.52840212505108;30.0;27.574721233689207;78.73428232502965;2.906287069988138;9583.715302491104;4.756820877817319;87.19004089034286;25.27621657250868;91847598.99920216;60.59730441379253
425;435;26.2;82.8;11.0;50.37351859419697;30.0;27.55386929460581;79.02800829875518;3.6192946058091287;8760.232365145228;5.6887966804979255;87.57133311826773;25.228806341456277;76741671.09133795;56.4286097429345
426;436;26.1;83.4;12.0;53.39436044135677;34.0;27.243976608187133;78.56140350877193;6.012670565302145;7306.323586744639;8.269980506822613;86.96562304885663;25.209549912944087;53382364.354221046;53.64995026932132
430;440;25.2;79.8;15.0;56.23865958316306;39.0;25.621408751334044;80.11739594450374;9.700106723585913;8491.953041622199;11.641408751334044;88.9854914824492;24.541505231218057;72113266.46111651;55.43851775499144
431;441;24.6;82.7;15.0;48.80425010216592;30.0;24.93891578947369;78.02736842105263;9.594736842105265;7872.505263157895;11.085263157894737;86.2723802082462;24.64978358367641;61976339.11844875;54.06640074383168
432;442;23.9;79.5;13.0;40.859828361258685;24.0;25.19653038674033;75.17458563535912;7.783425414364641;10618.006629834254;9.153591160220994;82.56911934116589;25.1254396153402;112742064.79120415;68.58209518789869
436;446;27.8;42.1;7.0;60.16183081324071;27.0;31.754765027322406;42.37814207650273;1.8098360655737704;8586.701639344263;2.273224043715847;52.45275828428085;29.50931942942275;73731445.04311745;56.72239796616847
437;447;29.0;38.6;7.0;66.81160604822232;26.0;33.38805166846071;43.29278794402583;2.3681377825618943;11930.902045209905;2.829924650161464;53.59052937900639;29.3035086601916;142346423.6123939;83.56370006373555
438;448;29.2;43.2;9.0;69.20474049856968;26.0;33.970277392510404;43.35783633841886;2.4341192787794728;12428.094313453536;2.986130374479889;53.67144614201448;29.26494819233841;154457528.2640961;90.1796747667544
439;449;29.3;44.3;9.0;67.92970984879446;25.0;33.236424010217114;44.08301404853129;2.2260536398467434;11906.676883780332;2.656449553001277;54.57352886758295;29.20591036078416;141768954.4147489;83.23248546955233
442;452;28.3;52.1;7.0;59.16142214957091;24.0;29.29503759398496;62.15359828141783;1.936627282491944;12761.074113856068;2.47905477980666;68.17864851410559;27.82776257170675;162845012.53932744;65.73158845179826
444;454;26.8;69.0;11.0;50.78545157335513;29.0;27.73485869565217;71.09673913043478;4.258695652173913;11399.460869565217;5.373913043478261;77.27557597733933;26.40365515597165;129947708.11674856;76.61155838672929
445;455;26.4;72.4;11.0;53.76706170821414;32.0;27.559775533108866;74.10886644219977;5.139169472502806;10524.282828282829;6.745230078563412;81.18568552239934;25.928152305545705;110760529.04968882;67.78532523807095
449;459;26.0;74.9;13.0;68.8124233755619;40.0;27.19470588235294;71.9354094579008;6.197231833910035;7631.354094579008;8.229527104959631;78.36427260705182;26.13577865335276;58237565.316847794;53.9991990270573
451;461;25.9;67.5;9.0;75.8152840212505;33.0;26.61390146471372;68.34221038615179;7.857523302263648;3380.005326231691;9.509986684420772;73.69986086958313;26.485298583884127;11424436.0053546;75.4671051557106
452;462;25.7;66.3;9.0;83.38700449530037;40.0;26.030981308411217;71.13901869158879;10.4357476635514;4313.757009345794;12.75233644859813;77.33046001726139;25.927894069572048;18608499.53567997;66.42825922600136
453;463;25.0;70.3;16.0;78.69881487535757;31.0;24.932894088669947;74.04310344827586;12.594827586206897;4795.231527093596;14.38423645320197;81.10031711541029;25.213240603608487;22994245.39843238;62.65294961316573
454;464;24.0;74.1;11.0;67.12545974662852;31.0;24.294641975308643;69.9074074074074;9.439506172839506;4609.382716049383;10.675308641975308;75.7316779806351;25.623868309549277;21246409.023014788;64.13867414307917
455;465;23.3;68.4;9.0;62.57458111973845;25.0;23.70981554677207;69.12252964426878;9.944664031620553;6786.213438735178;11.21080368906456;74.71281067666467;25.57395476340064;46052692.83606993;54.38559936125938
456;466;22.7;67.4;10.0;54.90478136493666;24.0;24.246666666666663;68.15849056603774;11.920754716981133;9931.189937106918;13.150943396226417;73.46137007955616;25.858702938857896;98628533.5668937;63.27538256993702
457;467;23.1;66.9;9.0;41.54638332652228;32.0;25.6762125;63.3375;12.5125;7756.58;13.97375;85.05031441158087;24.98658563817073;60164533.2964;53.94566551695297
458;468;24.4;60.8;10.0;49.35349407437679;40.0;27.739559363525093;55.77233782129743;10.71236230110159;7878.423500611995;11.696450428396572;69.11442953502674;27.296665789041818;62069556.85499536;54.5308051313427
460;470;27.5;44.6;9.0;74.16755210461791;32.0;30.768819444444446;46.263888888888886;5.881944444444445;7646.777777777777;6.569444444444445;57.28642184909568;29.0417406805236;58473210.382716045;54.571824260186986
466;476;30.383333333333336;49.16666666666666;10.0;25.235;33.0;31.805321100917432;39.79969418960245;3.3662079510703364;20927.14373088685;4.0282874617737;49.245305455662255;29.85057590769862;437945344.73319685;28.434765921448395
467;477;29.766666666666666;55.93333333333334;11.0;24.91;37.0;30.42922960725076;46.98942598187311;3.843655589123867;20754.12688821752;4.7250755287009065;58.18895162795329;28.96241722186833;430733782.8922335;27.00771661678271
470;480;27.53333333333333;72.39999999999999;13.0;14.340000000000002;46.0;28.057207488299536;59.4009360374415;6.773790951638065;20302.889235569422;8.161466458658346;74.55734937696519;26.78953040819478;412207311.3118007;24.69000764891621
476;486;29.84;52.94;12.0;29.724;42.0;31.89572413793104;43.19386973180077;5.737164750957854;20646.64521072797;6.490421455938697;53.467480353577145;29.393301752033445;426283958.4576762;26.27148368876115
477;487;30.166666666666668;51.26666666666667;13.0;30.116666666666664;41.0;31.91177676537585;41.916476841306;5.948367501898254;20843.432042520883;6.807137433561124;51.878471143544125;29.562825792920837;434448659.3111863;27.70704404622468
479;489;29.916666666666668;52.41666666666666;11.0;27.921666666666667;42.0;31.800112866817155;42.18133935289691;5.652370203160271;20579.792325056434;6.6787057938299474;52.20794610261285;29.533236534599432;423527852.1424517;25.87164683501785
480;490;29.55;56.8;12.0;28.53833333333333;43.0;31.950082397003747;44.95655430711611;6.794007490636704;20493.435205992508;7.692883895131086;55.66016675836397;29.155446926580503;419980886.5422132;25.421109125670547
482;492;28.3;69.5;11.0;24.13833333333333;42.0;28.9536231884058;58.05644546147979;8.795575896262395;19833.59267734554;10.179252479023646;71.9557386607968;27.32093583508431;393371398.4908546;24.43293472925972
488;498;26.8;77.3;16.0;25.085;43.0;27.341269968051115;63.54872204472844;8.96405750798722;19357.495207667733;10.18290734824281;77.14200790387628;26.30973562800258;374712620.7148792;26.415732392259017
491;501;26.433333333333334;79.35000000000001;14.0;34.88;35.0;27.06224709784411;64.1832504145937;7.536484245439469;19281.84411276949;8.914593698175787;78.33831695026427;26.102095359914287;371789512.3891434;26.938857442806835
492;502;26.33333333333333;78.48333333333333;11.0;36.025;34.0;26.962953846153844;63.51769230769231;7.6292307692307695;19360.701538461537;8.707692307692307;78.93558232561185;26.00946065483757;374836764.0613869;26.394821048541186
493;503;26.183333333333334;79.3;15.0;35.86333333333334;35.0;26.75562805872757;63.47063621533442;8.216965742251224;19372.019575856444;9.429853181076671;79.92428510825604;25.844271261541103;375275142.4473653;26.32182544475335
495;505;26.133333333333336;79.43333333333334;11.0;17.531666666666666;35.0;26.62562068965517;63.02931034482759;7.980172413793103;19664.951724137933;8.98448275862069;80.62352509378431;25.732026486164216;386710326.3126755;24.876818112861557
496;506;25.75;83.05;17.0;11.056666666666668;40.0;26.501848534201955;62.542345276872965;10.28827361563518;19876.97719869707;11.44299674267101;81.30208616735963;25.62376022680081;395094222.5575232;24.364593475279445
497;507;26.25;81.81666666666666;16.0;13.466666666666669;53.0;27.63938461538461;60.7919028340081;10.162753036437246;19942.56842105263;11.45668016194332;76.26393049850296;26.48786848563924;397706035.2283656;24.296900869867343
499;509;28.7;67.38333333333334;13.0;24.015;44.0;31.158804433887568;50.007917656373714;7.939034045922407;20382.593824228028;9.133808392715755;61.94379565979354;28.522433833840584;415450131.00345856;24.951787011528666
500;510;28.3;71.4;11.0;27.07;49.0;30.22227692307692;53.48538461538462;9.304615384615383;20114.695384615385;10.601538461538462;66.26958067595532;28.106765011288303;404600970.41586745;24.323220430799985
504;514;28.75;66.39999999999999;15.0;25.703333333333333;43.0;30.70322383498854;50.35599694423224;8.006875477463712;19944.82505729565;9.117647058823527;62.37678788821803;28.499400495751253;397796046.5661284;24.29533512818783
505;515;28.53333333333333;67.35000000000001;15.0;26.058333333333334;49.0;29.63209992193599;53.713505074160814;8.329430132708822;19883.153786104605;9.266198282591724;66.55335046416194;28.106637790611813;395339804.4818859;24.35638973444477
506;516;27.9;70.06666666666666;15.0;24.096666666666664;38.0;28.5948231511254;57.62459807073955;9.331993569131832;19460.75884244373;10.465434083601286;71.41854334186154;27.28070934367489;378721134.72375184;25.793761054122847
508;518;27.066666666666663;75.75;17.0;15.373333333333331;47.0;27.53212519319938;61.20401854714065;10.410355486862445;19734.417310664605;11.547140649149922;76.69143468346499;26.411586168303547;389447226.5914588;24.65963556376825
509;519;26.899999999999995;77.06666666666668;13.0;13.081666666666663;50.0;27.50718700475436;61.61331220285261;10.32012678288431;19738.586370839937;11.524564183835182;76.73050132760366;26.40044207802436;389611791.91910815;24.648131322143485
511;521;26.78333333333333;77.95;13.0;21.88833333333333;36.0;27.27881781376518;62.6;9.169230769230769;19305.1983805668;10.182186234817811;77.61968937264541;26.24032427225598;372690684.5130389;26.771275341543216
513;523;26.5;78.95;14.0;27.315;38.0;27.06203349282297;63.50598086124402;8.446172248803828;19039.693779904308;9.520334928229666;78.46966947042274;26.087684444815054;362509939.2325268;28.996918178028874
518;528;26.016666666666666;77.60000000000001;14.0;31.005;29.0;26.58655656482246;61.51527663088357;7.279108175061932;19320.86540049546;8.180842279108175;81.09949094472184;25.66925073677136;373295839.8240625;26.661901617889797
521;531;27.48333333333333;69.98333333333333;12.0;20.416666666666668;51.0;29.451700787401577;52.63070866141732;6.352755905511812;20025.171653543308;7.363779527559055;65.20640898261533;28.260295165639626;401007499.7538744;24.27267020865181
522;532;28.35;64.08333333333333;11.0;23.88833333333333;42.0;30.944650077760496;48.74183514774494;6.0279937791601865;20115.67029548989;7.013219284603421;60.36885596673356;28.70226618131947;404640191.4368543;24.324210708802344
523;533;28.883333333333336;61.66666666666666;13.0;25.973333333333333;47.0;31.35535534816942;47.696338837042354;5.600861450107681;20188.40488155061;6.506101938262742;59.068313839778014;28.820607744105008;407571691.6614165;24.42481571237462
527;537;30.266666666666666;47.93333333333334;10.0;30.00333333333333;36.0;32.387132921174654;38.50772797527048;5.295208655332303;20339.165378670787;6.022411128284389;47.63816780138124;29.99300274943056;413681648.3009204;24.80129900359216
531;541;28.066666666666663;65.98333333333333;9.0;17.67833333333333;39.0;28.52721324717286;55.046042003231015;7.4378029079159935;19712.116316639745;8.4281098546042;68.21095594228663;27.61254100319899;388567529.6807349;24.724116149309328
532;542;27.35;74.58333333333333;15.0;13.216666666666669;41.0;27.8258446757406;59.12329863891113;7.485188150520416;20040.506004803843;8.542834267413932;75.70400713285645;26.600455234547443;401621880.9285789;24.27565807732622
533;543;27.15;76.88333333333334;9.0;12.64;48.0;27.67361201298701;60.88798701298701;7.733766233766234;19850.636363636364;8.671266233766234;76.08370893131317;26.516996707079706;394047764.0413224;24.4038489063737
535;545;26.933333333333334;78.43333333333334;14.0;14.016666666666666;44.0;27.54938095238096;61.22619047619048;7.795238095238095;19816.25396825397;8.791269841269841;76.6056314570917;26.425718787143506;392683921.3343412;24.465495611465343
536;546;26.666666666666668;81.38333333333334;14.0;15.23;41.0;27.16623176661264;62.76580226904376;7.318476499189627;19872.99837925445;8.247974068071313;78.11976668670957;26.15464380077404;394936064.58185005;24.37007955460992
539;549;26.2;81.68333333333332;13.0;32.385;29.0;26.85158026755853;62.82107023411371;6.54180602006689;19346.47491638796;7.666387959866221;79.59590751117317;25.90660523669616;374286091.69042856;26.488387047004213
540;550;26.133333333333336;80.95;14.0;33.45666666666667;26.0;26.8145342126958;62.93569661995053;8.333058532563891;19428.66941467436;9.414674361088212;79.7488955918787;25.8796755261729;377473195.224703;25.97565550041185
542;552;26.05;80.61666666666666;17.0;34.82;30.0;26.609853658536583;63.71138211382114;11.092682926829267;19228.3837398374;12.090243902439024;80.56675936414393;25.733881883759945;369730741.2464434;27.342940202034843
543;553;26.05;80.46666666666667;14.0;19.296666666666667;33.0;26.63487972508591;63.02233676975945;16.39003436426117;19642.254295532646;17.710481099656356;80.58111680069925;25.739212905368987;385818153.8103707;24.958208335726493
544;554;26.566666666666663;78.41666666666667;16.0;12.856666666666667;49.0;28.3798024691358;59.05432098765432;14.705349794238684;20205.62962962963;16.150617283950616;73.09974526161085;27.03773363084162;408267468.7297669;24.456364505947537
545;555;27.74;72.32000000000001;17.0;20.412;59.0;30.31861513687601;52.44444444444444;13.297101449275363;20344.45088566828;14.34621578099839;64.9747061459455;28.24063556880005;413896681.8393689;24.818609380905475
546;556;28.35;69.58333333333333;18.0;24.7;50.0;30.432622568093382;51.14241245136187;13.09805447470817;20211.112840466925;14.137743190661478;63.35504719515512;28.408417324074872;408489082.250087;24.46702819057456
548;558;29.44;62.67999999999999;12.0;32.414;45.0;31.57404451266309;46.55640828856485;11.709132770529548;20356.236377590176;12.609363008442056;57.65030051450645;28.96139894220095;414376359.4603256;24.858210494545705
550;560;30.633333333333336;56.28333333333333;12.0;30.861666666666665;38.0;32.92563358778626;42.0969465648855;9.61526717557252;20627.407633587787;10.359541984732823;52.10296593683272;29.486717404000643;425489945.6821957;26.151860722524603
551;561;30.4;56.06666666666666;15.0;31.543333333333333;37.0;32.56194921583271;41.763256161314416;7.506348020911128;20513.9357729649;8.23076923076923;51.68787271960907;29.54988508763024;420821560.897329;25.52133380042143
552;562;30.55;54.7;12.0;27.406666666666663;30.0;32.965852918877935;41.93479909021986;5.043214556482184;20443.645185746776;5.648218347232752;51.90126305235251;29.50627627152999;417942628.48070735;25.195137202505155
554;564;29.1;66.13333333333334;11.0;22.28;33.0;29.714510108864697;54.90746500777605;6.43701399688958;19842.05287713841;7.280715396578538;68.0385734875891;27.9587175166459;393707062.3791566;24.41813503857231
555;565;28.116666666666664;72.26666666666667;10.0;15.306666666666668;38.0;28.518941368078178;58.726384364820845;6.837133550488599;19973.57654723127;7.723941368078176;72.78910723164898;27.11003602463104;398943760.0881071;24.279830207293244
557;567;27.316666666666663;79.2;13.0;10.826666666666668;42.0;27.828490259740256;62.18993506493506;9.167207792207792;20077.51948051948;10.270292207792208;75.10132003198228;26.66703627469574;403106788.4906392;24.29252824284908
558;568;27.23333333333333;80.60000000000001;16.0;13.125;46.0;27.7611119873817;63.32728706624606;10.750788643533124;20049.62776025237;11.824132492113565;75.20080497872397;26.63758981249225;401987573.3246825;24.27854742576193
559;569;27.03333333333333;82.3;19.0;16.463333333333335;43.0;27.735408496732024;63.71486928104575;12.27124183006536;19875.359477124184;13.267156862745098;75.24766624767142;26.62538305878364;395029914.3449101;24.36680498414532
560;570;27.05;82.63333333333333;17.0;20.55;40.0;27.59218901453957;64.53634894991923;13.496768982229405;19582.00969305331;14.62843295638126;75.7663036078417;26.52922892062333;383455103.6188338;25.199145584594472
561;571;26.916666666666668;82.10000000000001;16.0;26.118333333333336;37.0;27.54061224489796;64.2465306122449;13.742040816326533;19367.84979591837;15.139591836734692;76.06578856611614;26.48228629947895;375113605.7172552;26.348569835381504
562;572;26.8;81.68;16.0;32.802;35.0;27.35166256763404;64.21200196753566;13.657156910969013;18978.22725036892;15.103295622233151;76.96525040800233;26.331914025632603;360173109.56664544;29.612353751242768
563;573;26.6;81.0;18.0;37.78;41.0;27.14684210526316;64.37511150758252;13.413916146297948;18652.760035682422;14.673951828724354;77.90166793252064;26.17312822351282;347925456.94875133;33.49884451658029
564;574;26.45;80.71666666666667;20.0;37.535;34.0;27.01397900763359;64.15553435114504;13.159351145038167;18736.580152671755;14.348282442748092;78.57172526375528;26.06328471109253;351059435.81749314;32.39696233621209
565;575;26.46666666666667;80.5;15.0;37.53833333333333;37.0;27.05760017809439;64.71816562778272;14.625111308993766;18821.285841495992;16.056099732858414;78.25732782259409;26.109663337568115;354240800.7272975;31.35459516527001
566;576;26.4;81.8;18.0;34.76333333333333;37.0;26.912517825311944;65.24955436720143;13.62210338680927;19273.41889483066;14.759358288770054;78.84059668283679;26.005933742488637;371464675.89561546;27.00064851517853
567;577;26.4;82.26666666666667;20.0;23.33;33.0;27.11775919732441;63.66029622551362;13.445771619684663;19536.137601528902;14.846631629240324;78.17665823138489;26.135063599538533;381660672.3858714;25.406866932741387
568;578;26.883333333333336;78.23333333333333;20.0;21.115;46.0;28.58495996441281;59.33274021352313;14.020017793594306;19729.35231316726;15.192170818505335;72.07676124749506;27.20607090334028;389247342.6970783;24.673845219421864
569;579;27.75;71.39999999999999;19.0;29.036666666666665;46.0;30.37774072334429;51.955847815876;13.60403945514326;20012.167214654768;14.788633161108502;64.36691777592755;28.30275792992254;400486836.6273032;24.2719733176188
570;580;28.266666666666666;68.46666666666667;15.0;31.06;41.0;30.71926981300089;50.14203027604631;12.233303650934996;20035.21282279608;13.325912733748886;62.110624667084224;28.52711059217492;401409752.8547324;24.274361777450007
571;581;28.883333333333336;64.38333333333334;15.0;32.166666666666664;44.0;32.08614152892562;47.39152892561984;9.879648760330578;20126.504132231406;10.771177685950413;58.68914642764992;28.82374444084109;405076168.5847279;24.335853023237163
573;583;29.816666666666663;59.46666666666667;15.0;32.919999999999995;34.0;32.030793078586875;43.3323720259553;9.682768565248738;20524.23936553713;10.410237923576064;53.63976988380696;29.367898496389483;421244401.533864;25.573288859318566
575;585;29.83333333333333;60.91666666666666;18.0;31.911666666666665;41.0;32.0204962406015;43.89172932330827;10.489473684210529;20578.83909774436;11.450375939849623;54.33558078412345;29.29383337562529;423488618.6108519;25.866267910681067
576;586;29.6;63.79999999999999;12.0;30.28;33.0;31.76615034168565;45.970387243735765;10.77828397873956;20494.444950645408;11.707668944570994;56.92132132225032;29.029687507859915;420022273.835035;25.425947537402223
577;587;28.9;69.86666666666666;15.0;30.165000000000003;39.0;29.96469767441861;52.765116279069765;10.746511627906976;19956.837209302324;11.832558139534884;65.37360495179408;28.216038771155603;398275351.3985938;24.287854997380204
578;588;28.46666666666667;69.26666666666667;17.0;28.305000000000003;47.0;29.19677626303127;54.890136327185246;10.95429029671211;19595.77866880513;11.91980753809142;68.01701752523688;27.81833197073945;383994541.6367982;25.14088929363971
579;589;27.73333333333333;74.36666666666666;16.0;23.343333333333334;40.0;28.300626984126986;58.93571428571428;11.238095238095235;19629.561904761904;12.4;73.49668809431111;26.9725333793006;385319700.5728798;25.00596072646728
580;590;27.3;76.60000000000001;17.0;19.935;39.0;27.927846441947565;59.73689138576779;11.91385767790262;19794.80149812734;13.08614232209738;75.10394454335702;26.69414231860073;391834166.3502644;24.50992992034823
581;591;27.33333333333333;77.45;14.0;21.861666666666665;37.0;27.69509433962264;60.13207547169812;10.547169811320757;20044.377358490565;11.358490566037736;76.12767975516948;26.518115049112893;401777063.6895692;24.27678302325736
582;592;27.23333333333333;78.33333333333333;15.0;21.243333333333336;38.0;27.77781512605042;60.66050420168067;11.228571428571428;19822.884033613445;12.216806722689077;75.63511295128518;26.59474095186548;392946731.41008687;24.452690906500244
583;593;27.11666666666667;78.73333333333333;17.0;26.576666666666668;38.0;27.780981496379727;60.57039420756235;11.599356395816573;19538.316975060337;12.581657280772324;75.63749338270799;26.595353835924247;381745830.2179309;25.396523481201505
584;594;27.016666666666666;78.88333333333334;17.0;29.45833333333333;38.0;27.65;60.719551282051285;11.993589743589745;19329.384615384617;13.012820512820513;76.22769549429671;26.49475433995281;373625109.6094675;26.60345482998637
585;595;27.0;76.98333333333333;14.0;28.805;38.0;27.53557514693535;60.25944584382872;11.53568429890848;19258.975650713684;12.60369437447523;76.8569198656327;26.39445585683917;370908143.1147826;27.108222574490583
586;596;26.7;78.62;12.0;34.574;41.0;27.3112;61.58857142857143;11.475102040816326;19279.89551020408;12.457142857142856;77.66133192409629;26.244702134286392;371714370.8843875;26.953085707008395
587;597;26.516666666666666;78.16666666666667;17.0;38.74333333333333;33.0;27.153812765957447;60.93617021276596;11.320851063829789;19253.691914893618;12.241702127659574;78.53056832270613;26.10633425855834;370704652.35363984;27.14809568547195
588;598;26.433333333333334;79.25;15.0;40.555;37.0;27.06344709897611;61.96245733788396;11.96160409556314;19217.31058020478;12.878839590443686;78.7600471655179;26.05634652486833;369305025.9360505;27.43019919516784
589;599;26.53333333333333;77.83333333333333;16.0;41.395;41.0;27.16069397993311;61.035953177257525;11.581939799331105;19279.036789297657;12.489966555183946;78.4788498884109;26.11388236275274;371681259.5230925;26.959367913376607
590;600;26.5;75.31666666666666;13.0;41.89833333333333;33.0;27.067564102564106;59.75897435897436;12.45897435897436;19271.480341880346;13.465811965811966;79.1646626928744;26.013271925493445;371389954.5674806;27.01496612857608
591;601;26.383333333333336;74.64999999999999;15.0;31.765;32.0;26.99004230118443;59.058375634517766;13.01015228426396;19372.19627749577;14.111675126903553;79.66579827840319;25.937143144755694;375281988.6138209;26.320695933301952
592;602;26.71666666666667;72.06666666666666;19.0;30.245;39.0;28.14309484193012;56.10981697171381;12.470049916805324;19787.67387687188;13.385191347753745;69.53423575298531;27.36205231284677;391552037.45743775;24.5257087146647
593;603;27.566666666666663;68.86666666666666;19.0;32.115;40.0;30.366535685645548;50.02085004009623;11.931836407377707;20009.19967923015;12.89655172413793;61.95988286130818;28.56137668588092;400368071.803304;24.27205055137406
594;604;28.266666666666666;62.41666666666666;14.0;36.626666666666665;38.0;29.97029647435897;47.50560897435897;13.681089743589745;19950.653846153848;14.52323717948718;58.83105597597791;28.917138330098314;398028588.8890533;24.29152580703024
595;605;26.966666666666665;73.86666666666666;17.0;34.42666666666667;41.0;28.392557189542483;54.71813725490196;12.712418300653594;19662.339869281044;13.4109477124183;67.80305977425127;27.619984035311106;386607609.1351189;24.88592240871881
596;606;28.4;65.1;16.0;37.79;32.0;31.327157726180943;46.59407526020816;13.383506805444355;20314.41473178543;14.180944755804644;57.69715623548363;28.96904861972392;412675445.8949809;24.72394470458143
597;607;29.65;56.31666666666666;15.0;40.425;33.0;32.02473561430793;41.01010886469673;13.69751166407465;20436.05598755832;14.456454121306376;50.75099730739863;29.677897194876124;417632384.3266183;25.16286427254996
598;608;30.0;52.25;16.0;41.54;40.0;32.299111282843896;40.11978361669242;14.268933539412672;20369.44667697064;14.91112828438949;49.6434797773333;29.782543614256884;414914357.9259503;24.90424513182013
599;609;29.55;58.46666666666667;14.0;38.81666666666667;38.0;31.503325471698115;42.818396226415096;14.46305031446541;20173.55974842768;15.294811320754716;53.0004111670952;29.46351537961677;406972512.9233815;24.39999852127417
600;610;29.2;61.0;15.0;37.645;37.0;31.655269461077847;43.145209580838326;13.542664670658684;20165.449101796406;14.4124251497006;53.40694969882223;29.412133508127862;406645337.4771415;24.387367711118685
601;611;29.116666666666664;62.1;15.0;35.035;40.0;30.10306386418755;48.18674211802749;13.161681487469684;19856.983023443816;13.894907033144705;59.67834958987051;28.819490124956936;394299774.7933359;24.39375802013282
602;612;28.33333333333333;65.64999999999999;18.0;33.56;37.0;29.11557024793388;52.51570247933884;13.072727272727272;19428.23140495868;14.0198347107438;65.0633473733851;28.29288564348121;377456175.5246227;25.978209315580457
603;613;27.73333333333333;67.11666666666666;20.0;32.781666666666666;40.0;28.30284578696344;54.38155802861685;13.424483306836247;19349.786963434024;14.22496025437202;67.384373014326;27.640997464735243;374414255.5302813;26.466424100856823
605;615;27.25;72.2;18.0;25.17;38.0;27.86806167400881;56.734801762114536;13.17444933920705;19711.06960352423;13.9215859030837;70.3116837844149;27.201278198507115;388526264.9149768;24.727264408722625
606;616;27.08333333333333;73.43333333333334;14.0;21.065;39.0;27.654787961696307;58.81121751025992;13.781121751025992;19765.40629274966;14.723666210670316;76.57233800824918;26.458417581423884;390671285.91746783;24.578266413147905
607;617;26.933333333333334;74.58333333333333;16.0;24.238333333333333;38.0;27.362637969094923;59.95143487858719;12.955849889624725;19691.99116997793;13.728476821192054;77.73335290644121;26.251014483850145;387774516.23848873;24.786561606962348
608;618;26.78333333333333;76.05;14.0;23.936666666666667;41.0;27.32671381031614;59.30782029950083;15.509983361064892;19756.539101497503;16.544925124792012;78.02696632476284;26.209028880411708;390320837.26899976;24.600571609631498
609;619;26.7;76.56666666666666;21.0;28.024999999999995;38.0;27.29658566221142;60.71567436208991;13.783718104495748;19485.45321992709;14.8955042527339;77.8983794388624;26.214772297648647;379682887.185967;25.66077411862509
610;620;26.56;77.1;16.0;34.842;38.0;27.18991071428572;61.95436507936508;12.949404761904765;19230.84126984127;13.93154761904762;78.16404426443577;26.15633424105388;369825255.9458301;27.323740062264925
611;621;26.433333333333334;78.03333333333333;12.0;37.53833333333333;33.0;27.02821882951654;61.42493638676845;12.753180661577607;19323.345207803224;13.683630195080577;79.02995426022342;26.01714301389402;373391670.0199319;26.64481403881374
613;623;26.28333333333333;79.8;17.0;38.74333333333333;28.0;26.8405801772764;62.01047542304593;11.596293311845288;19469.89846897664;12.498791297340857;79.80388682792152;25.88084794955868;379076946.3922589;25.743832667776093
614;624;26.08333333333333;79.18333333333334;18.0;35.516666666666666;34.0;26.55539898132428;61.19100169779287;11.105263157894736;19521.887945670627;11.97623089983022;81.30912337471106;25.637755341583965;381104108.96332014;25.475663695851463
615;625;26.0;79.53333333333333;15.0;19.486666666666668;35.0;26.635026408450702;61.13204225352113;10.432218309859154;19916.76056338028;11.285211267605634;80.94421835193425;25.699579634782705;396677351.33902;24.31841767672981
617;627;26.03333333333333;81.53333333333333;16.0;17.333333333333332;46.0;27.54568770226537;59.09385113268608;11.374595469255665;19749.644012944984;12.36326860841424;77.03345977630929;26.377954567983743;390048438.63805366;24.618457776270457
618;628;26.933333333333334;77.5;11.0;19.53;38.0;29.639266770670822;54.471138845553824;11.914196567862714;20021.678627145087;12.810452418096723;67.49580681375791;27.99727723001676;400867615.0486784;24.272317413319215
620;630;29.6;57.1;12.0;27.15;985.0;32.158762654668166;41.95613048368954;7.139482564679415;20226.50168728909;7.941507311586052;51.92779817787136;29.544859859264264;409111370.5059083;24.498557299558573
621;631;29.6;60.35;11.0;26.6;32.0;31.842109943411483;42.6143896523848;4.31285367825384;20248.89894907033;5.113985448666128;52.74663777642299;29.473330945047227;410017908.6496616;24.548663997619503
622;632;28.3;69.1;10.0;25.03;34.0;29.04801909307876;56.004773269689736;5.445505171042164;19196.84327764519;6.423229912490056;69.40356694214859;27.625820048853253;368518791.82647127;27.59470399254022
628;638;27.1;76.21666666666667;10.0;27.39333333333333;38.0;27.65826969943136;61.74248578391551;4.900081234768481;18803.24939073924;6.025182778229082;75.99175208678923;26.52281430164017;353562187.65033567;31.57055330758164
630;640;26.9;79.4;15.0;37.612;38.0;27.399527302363488;64.91361043194784;7.645476772616137;18358.585167074165;9.162999185004075;76.60405475519059;26.384575947837813;337037649.3367155;37.92028527199287
633;643;25.0;87.45;12.0;36.17166666666667;32.0;25.81829145728643;67.21105527638191;7.630150753768844;19426.66934673367;8.94572864321608;83.63348817212506;25.18056450486177;377395481.9073216;25.987332467555945
634;644;25.166666666666668;84.48333333333333;12.0;31.76333333333333;29.0;25.70034834324554;64.54885301614273;7.250637213254036;19582.926083262533;8.361087510620221;84.70313911425609;25.0311735197784;383490993.982524;25.195209644658785
638;648;27.616666666666664;68.78333333333333;17.0;29.40833333333333;57.0;29.955080515297904;49.56924315619968;10.553945249597424;20553.50724637681;11.60950080515298;61.39810777772526;28.642721335385662;422446660.126864;25.726642961780342
642;652;28.96666666666667;63.23333333333333;19.0;30.0;37.0;29.92903549382716;47.65277777777778;12.45679012345679;19835.49382716049;13.47608024691358;59.01412618546643;28.899630426783265;393446815.367322;24.429546831291766
645;655;27.4;75.71666666666667;17.0;15.07;47.0;27.889646090534978;59.43374485596708;11.25679012345679;19775.27572016461;12.645267489711934;75.34278890441922;26.65751341546201;391061529.8085319;24.554361879465137
649;659;26.866666666666664;79.53333333333333;16.0;26.066666666666663;45.0;27.38940466613033;62.7787610619469;11.51810136765889;19079.58165728077;13.061142397425582;77.06274599018008;26.33166693977773;364030436.21684486;28.617691604957983
650;660;26.666666666666668;79.5;18.0;31.186666666666667;41.0;27.30656862745098;62.50980392156863;11.294934640522875;18707.986928104576;12.912581699346406;77.50592104566331;26.26040597220401;349988774.9021317;32.76497168262918
651;661;26.5;75.64;18.0;38.838;42.0;27.047785179017485;60.535387177352206;10.758534554537883;18324.329725228978;12.174021648626145;79.10869747216562;26.013933765598377;335781059.8789103;38.49122378162816
652;662;26.35;75.35000000000001;16.0;41.76833333333333;36.0;26.86891576313595;60.49624687239366;10.262718932443702;18566.16513761468;11.539616346955796;79.96141604053481;25.871447980213624;344702487.91717875;34.71076245061172
653;663;26.3;76.51666666666667;15.0;42.11666666666667;40.0;26.77855810008482;60.77692960135708;10.098388464800678;18986.19168787108;11.385920271416454;80.33435157734009;25.805787886457072;360475474.80858487;29.530485532910827
654;664;26.25;76.13333333333334;14.0;43.865;37.0;26.327660668380464;62.08311910882605;10.656383890317052;18935.417309340188;12.07540702656384;82.21353086737817;25.476148542184145;358550028.67886;30.063241530254267
655;665;25.03333333333333;84.58333333333333;13.0;38.54166666666666;41.0;25.231177924217462;65.93822075782538;10.245469522240526;19094.233937397035;11.71828665568369;86.65265313672089;24.688811244028404;364589769.6560447;28.48237121092392
656;666;25.45;76.14999999999999;16.0;25.975;33.0;25.90618846694796;62.59212376933896;9.970464135021096;19235.17299578059;11.182841068917018;84.10709273475852;25.153050335606483;369991880.1776069;27.29004383808848
657;667;25.616666666666664;76.53333333333335;14.0;17.416666666666668;37.0;27.52381546134664;58.37531172069826;11.960099750623442;19809.85536159601;13.22069825436409;72.35239142631413;26.88339378778397;392430369.4473543;24.47826884644173
660;670;28.2;59.8;10.0;29.61;39.0;31.71162162162162;42.66966966966967;8.068318318318319;20543.12312312312;9.034534534534536;52.81540319483896;29.47265703845012;422019907.6517959;25.671256110366706
661;671;29.2;56.7;12.0;33.79;41.0;31.279860465116275;40.57596899224807;6.853488372093024;20410.207751937985;7.817829457364341;50.21095026243951;29.774027090592657;416576580.4772694;25.05725335040831
663;673;28.9;58.583333333333336;10.0;29.52333333333333;42.0;29.77840366972477;45.58715596330275;6.772477064220183;19639.77981651376;7.623853211009174;56.44460187382366;29.18282551553216;385720951.2411413;24.967391998593712
664;674;28.516666666666666;60.28333333333333;14.0;25.94333333333333;34.0;29.21670027497709;48.83043079743355;7.002749770852429;19478.64344637947;7.823098075160403;60.47906427020199;28.77914775428152;379417550.5111818;25.696839793263543
670;680;26.78333333333333;79.46666666666667;13.0;22.92;38.0;27.338270676691728;61.29511278195488;7.139097744360902;19065.14285714286;8.530075187969924;77.58989603524424;26.25997093205188;363479672.16326535;28.75313417535025
671;681;26.616666666666664;76.25;13.0;23.626666666666665;42.0;27.2576874435411;59.477868112014455;5.660343270099368;18866.3125564589;6.650406504065041;78.32040028983505;26.15793650344673;355937749.47799873;30.82962513138992
672;682;26.44;75.74;11.0;32.384;31.0;26.99046223224352;60.67531003382187;6.03945885005637;18679.77452085682;7.121758737316799;79.35262862096602;25.97147690398609;348933976.1500516;33.13606825743997
674;684;26.183333333333334;77.98333333333333;13.0;38.16;28.0;26.67423364485981;62.297196261682245;6.246728971962617;19042.69158878505;7.363551401869159;80.53471955518329;25.755132423856857;362624102.9455848;28.96786581690465
675;685;26.1;81.25;12.0;36.485;33.0;26.550554649265905;63.11908646003263;5.849918433931484;19267.19738988581;6.923327895595432;80.96094606330514;25.674462782633345;371224895.2608225;27.04673164524187
676;686;25.95;83.11666666666666;12.0;32.60333333333333;28.0;26.34122895622896;63.48569023569024;6.617003367003367;19487.42087542088;7.73989898989899;81.87948823457306;25.51638799642638;379759572.3757895;25.65043918318753
678;688;25.33333333333333;83.83333333333333;15.0;14.276666666666666;45.0;26.30445469798658;62.85906040268456;7.808724832214765;19663.261744966443;9.05788590604027;82.17384972379196;25.47408628116169;386643862.4510608;24.88270120664281
679;689;26.2;76.66666666666667;13.0;16.705000000000002;42.0;28.77116432700248;55.145334434351774;6.38728323699422;20077.701073492983;7.328654004954583;68.33447047623424;27.66630345248674;403114080.3965413;24.292644678331172
684;694;29.85;51.55;11.0;31.255;37.0;32.22231417624521;39.8176245210728;5.089655172413793;20345.19540229885;5.798467432950192;49.26760983989466;29.82678037323714;413926975.9577223;24.82107009944612
685;695;29.666666666666668;56.55;11.0;29.661666666666665;37.0;31.906802773497688;40.46764252696456;5.806625577812018;20381.04160246533;6.63020030816641;50.0761978676934;29.75629188386012;415386856.8014226;24.946084252209367
688;698;28.65;63.31666666666666;12.0;23.37333333333333;34.0;29.19207928802589;52.295307443365694;6.313915857605178;19543.15857605178;7.183656957928803;64.789187602642;28.31834940892012;381935047.1287063;25.37371436379337
690;700;27.33333333333333;72.71666666666665;13.0;14.22;40.0;27.82805579036349;58.06593406593407;7.0;19693.94420963652;8.012679628064243;71.96754198300127;27.009323748522576;387851438.5322758;24.78032469369881
696;706;26.32;78.06;13.0;31.33;31.0;26.901551867219915;62.85643153526971;6.8705394190871365;18363.07385892116;7.955186721991701;79.35297849385908;25.9469258128584;337202481.5481937;37.84633872933424
701;711;26.183333333333334;78.3;11.0;19.541666666666668;34.0;26.70338724168913;61.6199460916442;7.226415094339623;19636.240790655884;8.44743935309973;80.52730374012968;25.76398043793568;385581952.388618;24.98063265296829
702;712;26.516666666666666;77.16666666666667;15.0;12.283333333333331;44.0;27.64777954004758;58.39571768437748;8.702616970658207;20000.926249008724;9.768437747819192;72.37777536610835;26.914797532284226;400037050.8182862;24.272729458059903
705;715;29.3;60.4;14.0;27.78;41.0;32.71810589112603;44.44593586875466;6.998508575689784;20538.73825503356;7.981357196122297;55.024984421428655;29.184118023022176;421839769.108779;25.648190901964277
707;717;30.6;51.81666666666666;11.0;30.74;38.0;32.74058510638298;38.87613981762918;7.367781155015198;20725.09422492401;8.315349544072948;48.09645265246294;29.92572997513503;429529530.6319786;26.797494355972876
708;718;30.633333333333336;51.23333333333333;14.0;30.38;41.0;33.06038461538461;38.93288084464555;6.9034690799396685;20426.76319758673;7.739819004524887;48.16703548972989;29.901747784474896;417252654.7302836;25.124128846922236
709;719;30.066666666666663;55.53333333333333;13.0;29.17833333333333;36.0;32.06466911764706;40.85906862745098;6.442401960784314;20355.88235294117;7.33578431372549;50.56311123894234;29.69598951710888;414361946.3667818;24.85700074278581
710;720;29.816666666666663;59.43333333333334;12.0;27.69666666666667;35.0;31.907438356164384;43.33013698630137;6.438356164383562;20244.66849315069;7.47945205479452;53.63698961266148;29.374528398292767;409846602.3975682;24.538816617003302
712;722;28.9;63.3;13.0;24.92;41.0;29.505872146118723;52.57077625570776;8.493150684931507;19299.784474885844;9.64566210045662;65.13185623900718;28.265506875648363;372481680.7770447;26.809639497685477
713;723;27.83333333333333;74.81666666666666;15.0;18.506666666666664;36.0;28.316845943482225;59.7274384685506;8.725615314494075;19714.537830446672;9.891522333637193;73.26768053498333;27.00202714216804;388663001.868113;24.716874685560644
714;724;27.366666666666664;78.43333333333334;16.0;19.07333333333333;48.0;27.99283378746594;61.73660308810173;10.166212534059946;19370.85558583106;11.542234332425068;74.41201678624697;26.78766191326872;375230046.1271224;26.329273675564487
718;728;26.899999999999995;77.83333333333333;11.0;21.975;39.0;27.5123730378578;62.35734072022161;8.059095106186518;19178.267774699907;9.213296398891966;76.56280528338041;26.42019492410461;367805954.8380929;27.74761863333996
719;729;26.816666666666663;77.91666666666667;15.0;25.14;37.0;27.3451872659176;62.21910112359551;7.691011235955056;19117.87265917603;8.836142322097379;77.37938886402472;26.284878587294703;365493055.0124704;28.268568858892237
