;PM2.5_est;Temp_moqa;UR_moqa;PM2.5_moqa;UR_model;Temp_model
0;6.0;35.431647727272725;41.08295454545455;0.1352272727272727;50.84161348234106;29.493304660147253
1;7.0;28.07279768786127;73.57109826589596;0.5676300578034682;80.48759667635952;26.145869665387583
2;8.0;28.687924673328208;53.27901614142967;0.0;66.01286920666895;28.213044387295746
3;11.0;26.87429885057471;76.78045977011494;3.389655172413793;84.65374031915319;25.360232788681785
4;8.0;27.88788372093023;73.24302325581395;0.1604651162790697;80.06171519936922;26.141421572438045
5;10.0;29.394010416666667;70.91666666666667;4.03125;77.04181990181355;26.88662940533029
6;10.0;34.64064793130367;34.450429352068696;0.3700234192037471;42.59110285519636;30.41839413250631
7;8.0;29.24152601156069;71.08554913294797;0.6820809248554913;77.26104999239458;26.820635156835003
8;9.0;28.21004611837048;63.588777863182166;0.0338201383551114;73.02919631803631;26.99863969727554
9;11.0;37.62375690607735;37.505524861878456;1.376611418047882;46.391480122630455;29.857854617794864
10;9.0;27.596810606060608;60.43712121212121;2.144696969696969;76.53337845232433;26.446689898744555
11;10.0;27.81917090909091;69.04;3.031272727272728;74.60567710746083;26.71862253419518
12;12.0;27.7849282700422;61.09451476793249;3.0135021097046413;75.51797518818553;26.609500938464265
13;5.0;26.058047918303217;66.7930086410055;0.6417910447761194;82.5810562620849;25.361658396664637
14;8.0;32.55188235294118;40.05882352941177;0.0389705882352941;49.56764865219226;29.777698171299274
15;10.0;32.68216;53.083;1.36;65.76903549163532;28.034158665230205
16;9.0;24.500055555555555;73.01507936507936;0.148015873015873;79.76581615837642;25.23971779813516
17;14.0;24.50695874263261;72.00432220039293;4.822789783889981;78.45372977280384;25.38498405358032
18;5.0;29.05040314650934;69.20845624385447;0.3382497541789577;74.82435390921738;27.034183701018268
19;10.0;30.52578992314261;58.309137489325366;3.006831767719897;72.27007418163488;27.720041700736648
20;9.0;37.16382379654859;31.822888283378745;0.6530426884650318;39.32258070437151;30.6392769456418
21;12.0;25.22134858044164;67.02760252365931;5.976340694006309;86.48944248995495;24.703934214432376
22;10.0;30.233130765056973;51.87737384698861;0.0010851871947911;64.2693003081635;28.3206457913278
23;7.0;32.297118181818185;43.346363636363634;1.25;53.65717470730917;29.35236205973588
24;10.0;27.379136363636363;68.98272727272727;0.7445454545454545;74.53133010469438;26.605427054690377
25;6.0;28.34497723823976;62.9825493171472;1.8072837632776928;72.50829683176467;27.092755875889065
26;9.0;35.66576739752145;35.758817921830314;1.428979980934223;44.21866905125361;30.19129286244402
27;8.0;28.684524271844666;72.97281553398058;0.6368932038834951;79.71095253798937;26.39938336054589
28;4.0;34.55646133682831;37.57273918741809;0.0956749672346002;46.47509118945521;30.006336658509294
29;11.0;28.32441152922338;63.11929543634908;1.2634107285828662;72.57915568019872;27.07934356724581
30;7.0;24.841710646041857;67.24203821656052;0.8971792538671519;88.24202188928625;24.407774069182093
31;10.0;27.574721233689207;78.73428232502965;2.906287069988138;87.19004089034286;25.27621657250868
32;12.0;27.169832239241423;62.972283005105766;5.868708971553611;78.06301585852017;26.161837250914186
33;10.0;28.26562994960403;64.93664506839453;1.199424046076314;72.50715168176131;27.07100470581165
34;11.0;28.50025677603424;63.4243937232525;1.9821683309557767;71.6895421168236;27.225026852618647
35;9.0;27.28239814814815;71.33888888888889;1.4703703703703703;77.58991597159095;26.24456452468774
36;8.0;30.16727378190255;63.16357308584687;0.291183294663573;63.86282296800512;28.36760222330227
37;7.0;32.720607255520505;43.91482649842271;0.4574132492113564;54.36431244863771;29.254816257433404
38;8.0;25.93912529550828;66.14893617021276;2.1465721040189125;83.26693847898842;25.253929235420543
39;7.0;31.99132893496701;49.07068803016023;1.8576814326107445;60.77793156343694;28.6046852374694
40;7.0;34.54770376862401;42.83698510078878;1.7072743207712533;53.02353474387704;29.30476731839229
41;7.0;34.04704845814978;38.0352422907489;0.0;47.0504205938461;29.97080744797015
42;9.0;28.32133453561768;52.67628494138864;1.4030658250676284;65.26310346492563;28.31223943414192
43;9.0;35.90366727941176;34.4264705882353;0.5349264705882353;42.56129941987465;30.35675790307826
44;7.0;24.68704214559387;71.72183908045977;2.721072796934866;78.0870321437711;25.474700236501253
45;8.0;29.83026168224299;57.66168224299066;0.5757009345794393;71.46467409121199;27.616283167797665
46;10.0;32.86811320754717;51.22821203953279;0.958670260557053;63.46177734594516;28.271960750193884
47;9.0;29.86587852494577;63.06724511930586;0.3036876355748373;65.30550121931465;28.228412184176605
48;8.0;25.34144407033296;68.42985409652076;0.9599700710811822;73.81363312188456;26.122046998242244
49;7.0;28.416032013479363;63.40943555181129;0.5846672283066554;72.09039600324826;27.15800716458526
50;7.0;29.38475609756097;71.55432372505543;1.0210643015521064;77.86957673026573;26.79363443178781
51;7.0;33.79443562610229;42.52557319223986;0.6287477954144621;52.63615479642287;29.38496151723684
52;10.0;28.97300250208507;62.84320266889074;0.6530442035029191;69.56759741293526;27.587215214862365
53;12.0;32.99992524916944;44.36544850498339;2.818106312292359;54.924862396892976;29.180385599960594
54;8.0;32.6467750213858;41.7382378100941;1.6270316509837468;51.65675121360669;29.548867293693817
55;12.0;31.35407751937985;52.78449612403101;3.1953488372093024;65.39771245416205;28.14213694397218
56;8.0;35.161840909090905;48.342045454545456;1.455681818181818;59.87153872839807;28.539110495727776
57;9.0;30.48797524314766;58.337754199823166;0.5729442970822282;72.30567185630508;27.70572655329701
58;8.0;31.04684676705049;54.92648361381754;0.5305580159433126;68.06223162784242;28.32346188808816
59;8.0;24.41467607973422;73.34717607973423;1.8496677740863787;80.19691829963824;25.16907472477848
60;11.0;28.3847423580786;70.72227074235808;2.1982532751091703;76.78947022316919;26.63594366277997
61;12.0;31.6091495601173;48.84017595307918;4.043988269794721;60.49118672852264;28.655042826096256
62;10.0;30.70133504965061;47.92203015814638;0.7296800294225818;59.349061909167936;28.82408156485881
63;11.0;28.745922509225093;72.86808118081181;5.3118081180811805;79.57499454165192;26.431166278166057
64;6.0;31.08053571428572;60.5698051948052;0.3928571428571428;60.046698915822645;28.729827619905784
65;12.0;28.489854251012147;61.233198380566805;4.034008097165992;72.1603998751626;27.17071132259185
66;6.0;35.05069434502505;36.51037938439513;0.1546170365068002;45.15357176975772;30.12263955817689
67;10.0;33.06683918669131;40.85951940850277;2.319778188539741;50.563671986734455;29.64448762301588
68;10.0;32.387132921174654;38.50772797527048;5.295208655332303;47.63816780138124;29.99300274943056
69;12.0;33.49760147601476;40.02287822878229;3.427306273062731;49.52293459891808;29.733947562736983
70;6.0;24.93677466863034;71.0022091310751;3.878497790868925;77.15286447993778;25.645622605316305
71;11.0;25.656540925266903;68.64697508896798;1.5323843416370106;74.09548271757889;26.178124330042134
72;9.0;28.53405191873589;73.24830699774266;0.1444695259593679;80.06857414243858;26.31882271306346
73;7.0;28.44701986754967;70.61873226111636;1.477767265846736;76.65506461481294;26.667799379241128
74;10.0;28.795;71.0;0.0;77.14999675769067;26.70966060789845
75;13.0;31.702292490118577;58.93280632411067;5.361660079051384;57.42384817084856;28.979092504281155
76;8.0;28.992027027027024;62.292567567567566;1.2702702702702702;69.58367547033681;27.590703591983427
77;9.0;28.93099811676083;73.31732580037665;1.3672316384180792;80.15816898722277;26.41847257068963
78;7.0;24.99875939849624;68.59924812030076;0.8300751879699249;74.03352727664729;26.003541389605488
79;10.0;24.21478479196557;72.26542324246772;1.6305595408895266;78.79267085037851;25.267396935032156
80;6.0;34.292128184059166;39.34757600657354;2.228430566967954;48.682894342995056;29.78321981243246
81;10.0;31.805321100917432;39.79969418960245;3.3662079510703364;49.245305455662255;29.85057590769862
82;8.0;29.17641773628938;70.82497082847141;0.3570595099183197;76.92278749213779;26.839644316196612
83;10.0;28.91871264367816;75.35172413793103;1.6528735632183909;82.79906677632201;26.126531944531145
84;10.0;34.615905130687324;43.35430784123911;1.4869312681510165;53.66705687810209;29.23227841556584
85;11.0;28.707874224977857;66.53144375553588;2.517271922054916;70.11055325653939;27.45479332433234
86;10.0;29.099859307359303;70.76731601731602;0.6612554112554112;76.84794449777404;26.82671452074629
87;6.0;24.651211118464595;71.66115155526141;0.1032428855062872;78.00825231576803;25.47342926362928
88;10.0;27.346904231625835;64.48775055679288;4.337787676317743;76.9346653809139;26.333943961852025
89;8.0;30.40358657243816;57.24116607773852;1.1775618374558303;70.9415742176135;27.83150628757694
90;9.0;29.92060948081264;61.6568848758465;0.5406320541760722;65.31831832928226;28.224228778377988
91;10.0;27.709096313912006;73.94411414982164;0.5814506539833532;80.97181690254318;25.99268852048475
92;10.0;28.98415300546448;69.78907103825136;0.0612021857923497;75.57806290442053;26.9335655213108
93;9.0;28.25240825688073;70.48279816513761;0.4564220183486238;76.47860553749918;26.633424875366515
94;9.0;28.101983089930823;64.0;0.0299769408147578;73.46066964006508;26.92170214177966
95;13.0;31.89603498542274;41.720845481049565;4.14868804664723;51.635116075943614;29.58972244369103
96;10.0;36.74106728538283;45.312064965197216;0.8213457076566125;56.10240321839075;28.86211432192733
97;14.0;27.842290852228302;60.47928068803753;6.377638780297107;75.3653322799931;26.641994263728545
98;10.0;34.20154740608229;45.173524150268335;1.186046511627907;55.93006577035453;29.01094411713387
99;12.0;34.9278421900161;40.06441223832528;2.657004830917874;49.57460071056197;29.65499394008417
100;9.0;35.41678571428572;42.17857142857143;2.450892857142857;52.20450295111373;29.347960428954973
101;6.0;34.45419923371648;35.35402298850575;0.6812260536398468;43.71512555886866;30.307464968043774
102;14.0;26.91309423347398;68.90717299578058;5.586497890295359;74.43325141515643;26.48765420847498
103;9.0;36.48873333333333;37.5152380952381;1.4742857142857142;46.40356287131531;29.914820501461996
104;10.0;26.372141078838176;70.52863070539419;4.660580912863071;76.53810177872101;26.108528632881328
105;12.0;29.23413755458516;72.646288209607;4.101528384279476;79.28708014628494;26.597227184274544
106;7.0;33.38805166846071;43.29278794402583;2.3681377825618943;53.59052937900639;29.3035086601916
107;10.0;25.246878474980143;71.50794281175536;4.54527402700556;77.8093686337836;25.65938730565639
108;9.0;33.236424010217114;44.08301404853129;2.2260536398467434;54.57352886758295;29.20591036078416
109;6.0;28.587381228273465;73.39745075318656;0.7404403244495944;80.2621809728901;26.31237162734578
110;5.0;25.10471726190476;65.8735119047619;1.1651785714285714;87.26265294617805;24.5872949921326
111;10.0;30.69388583973656;62.38968166849616;1.9989023051591657;61.52343739955374;28.591362342790784
112;9.0;28.60060420909708;59.24168363883231;2.3998642226748133;72.02036395142937;27.2165462305895
113;10.0;33.842685982772124;39.31010180109632;2.452623335943618;48.63627841293543;29.81128726636156
114;10.0;32.557885771543084;43.985971943887776;1.1633266533066131;54.45281362078069;29.25368114128168
115;9.0;25.175821462488127;73.5954415954416;1.8262108262108263;80.51919729458146;25.3437115624659
116;9.0;28.780451248992748;59.3569701853344;5.476228847703465;71.14837131202579;27.36140750055937
117;5.0;29.97290194521636;52.29019452163557;0.1464867010718539;64.78282739836985;28.278951316879372
118;12.0;29.484966378482227;52.99135446685879;2.2411143131604225;65.65503329442302;28.210493341603712
119;9.0;36.36027624309393;40.52946593001842;1.1998158379373849;50.153102912006055;29.5194488343904
120;14.0;26.19934339622641;68.46188679245283;5.122264150943396;73.85521547785896;26.35402906790473
121;12.0;27.3771652892562;62.26115702479339;3.165289256198347;77.22019389639621;26.31108921143681
122;8.0;28.416270310192026;63.360413589364846;4.199409158050222;72.09870448463164;27.157165050764853
123;8.0;33.51505841121495;49.45677570093458;0.7955607476635514;61.25820421040854;28.47498449622647
124;8.0;29.589220779220778;67.34415584415585;1.775974025974026;72.40426404141914;27.44716464805301
125;10.0;29.81438709677419;57.01935483870968;3.303225806451613;70.66565276515486;27.699210285752383
126;8.0;24.73466521106259;71.4665211062591;0.7416302765647744;77.75559819539576;25.524043664594736
127;10.0;30.36705826170009;60.72874880611271;1.9350525310410696;63.38740172881582;28.408314232354144
128;7.0;25.34695374800638;68.69218500797449;1.4712918660287082;74.15417072028988;26.086357736089603
129;12.0;27.243976608187133;78.56140350877193;6.012670565302145;86.96562304885663;25.209549912944087
130;11.0;26.991979913916783;68.7209469153515;4.323529411764706;74.19150719279878;26.535817031470387
131;7.0;33.62733498349835;38.305280528052805;0.5594059405940595;47.38633388202073;29.956340280126227
132;14.0;29.32972817133444;56.869851729818784;6.50658978583196;70.47967880309203;27.58590846816791
133;7.0;33.35939143501127;41.12471825694966;1.1419984973703985;50.89356533106726;29.5941049399951
134;7.0;31.059529276693453;59.32376578645236;0.1182548794489093;60.38576281711817;28.694556906556198
135;10.0;29.778462949376376;50.2938371239912;0.975421863536317;62.299464358713536;28.555158218030503
136;4.0;28.613699604743083;63.84743083003953;0.4640316205533596;71.07209191052596;27.32376810322144
137;4.0;31.50646191646192;43.2972972972973;0.0491400491400491;53.59613877603135;29.39949004515566
138;7.0;33.87640086206896;37.6885775862069;0.0657327586206896;46.619188032267296;30.025796679862584
139;8.0;25.15442587209302;68.50508720930233;0.0225290697674418;73.91129490106728;26.059814643669004
140;10.0;28.68377551020408;69.4438775510204;3.010204081632653;75.12995955100568;26.89971181409976
141;12.0;24.312162162162164;54.0;3.702702702702703;66.90973500268075;26.592614202803983
142;11.0;27.669321880651;70.6609403254973;1.1907775768535265;76.7098558431816;26.44739896104836
143;9.0;36.00964892412231;35.214043035107586;0.0656851642129105;43.54099789867516;30.246290299092166
144;7.0;34.63334405144695;47.78027867095391;1.0192926045016075;59.172730554609146;28.64115342609658
145;10.0;28.94112230215828;59.429496402877696;4.428057553956834;70.37521759233665;27.490182414777173
146;13.0;27.2576874435411;59.477868112014455;5.660343270099368;78.32040028983504;26.15793650344673
147;15.0;25.301710719530103;69.79625550660793;5.484214390602056;75.58738922279608;25.91728576022198
148;5.0;24.52868075801749;72.98250728862973;3.627551020408163;79.72353362053991;25.252229789084243
149;12.0;24.985413354531;71.43044515103338;4.149841017488076;77.70876719448678;25.598292618434268
150;6.0;22.62931950207469;73.8804979253112;0.129460580912863;80.88923526473944;24.60120148188877
151;9.0;30.887727272727272;53.504662004662;3.12004662004662;66.2935607288702;28.07003642996239
152;13.0;27.3631388478582;67.43648449039881;3.934268833087149;72.5241179133146;26.82033132753205
153;14.0;26.17997674418605;78.58720930232558;5.268604651162791;86.9991221241772;24.91254163422848
154;8.0;31.88690763052209;57.639558232931726;2.110441767068273;71.43715299256795;28.1863138702132
155;11.0;35.955312180143295;47.31832139201638;1.6888433981576254;58.59808012690149;28.63490107040725
156;9.0;27.10488622754492;76.74610778443113;2.207185628742515;84.60914724150025;25.42867883368417
157;10.0;32.88111893033075;41.61505981703026;0.6776917663617171;51.50352430361816;29.55326485621552
158;11.0;30.774791976225856;49.2295690936107;3.9784546805349184;60.97557120508615;28.645942807226195
159;7.0;36.18662454873646;40.30324909747292;0.9259927797833934;49.87170113417084;29.558529819305665
160;13.0;31.35535534816942;47.696338837042354;5.600861450107681;59.068313839778014;28.820607744105008
161;7.0;29.83047846889952;53.69138755980861;0.4354066985645933;66.52583744583357;28.099404446207902
162;7.0;25.61484261501211;69.7223567393059;1.5625504439063762;75.49145958719693;26.01409879155558
163;9.0;29.2310401891253;53.21513002364066;0.5760441292356187;65.93339825429761;28.19368565470244
164;7.0;35.00617224880383;47.88516746411483;0.6172248803827751;59.30320666701133;28.60802845788371
165;5.0;28.91880253766852;62.45202220459952;0.9175257731958762;69.89898491728015;27.536063590005625
166;6.0;25.00230514096185;70.66058595909342;1.34383637368712;76.70939583226081;25.71214445356791
167;9.0;24.297508710801395;70.30836236933798;0.367595818815331;76.25216654619487;25.567788324754364
168;10.0;26.802346014492755;70.73278985507247;1.6548913043478262;76.80312531764991;26.198180091053377
169;11.0;29.468402903811253;66.13339382940109;1.7332123411978222;66.59354302348419;28.110731622044785
170;10.0;35.665707269155206;41.80353634577603;0.9282907662082516;51.73797913915125;29.385196373672017
171;15.0;31.32020190023753;43.2624703087886;5.508313539192399;53.55281584390152;29.41369523277279
172;14.0;32.1316875;40.28515625;5.875;49.849194588624734;29.76908410643696
173;16.0;27.52167615947925;63.32628152969894;6.41253051261188;76.3323700945599;26.44793795676222
174;9.0;25.03005046863735;71.90483056957463;0.8348954578226387;78.3245774711077;25.54331368163979
175;8.0;28.460497409326425;75.3378238341969;1.005181347150259;82.78102248247767;26.002172167170365
176;9.0;24.200596436870644;72.00852052672347;2.367931835786212;78.45917971371244;25.299923538559373
177;8.0;35.282889908256884;48.772935779816514;1.1720183486238531;60.407543508497184;28.47543518577911
178;11.0;28.570973612374885;70.65787079162875;1.3448589626933576;76.70587121290671;26.69642250846425
179;10.0;34.4385775862069;37.50323275862069;0.0053879310344827;46.3886288673792;30.02165677784013
180;11.0;27.55386929460581;79.02800829875518;3.6192946058091287;87.57133311826773;25.228806341456277
181;11.0;33.49759025270758;39.165162454873645;1.2590252707581226;48.45598153031008;29.84832969848384
182;9.0;28.204046728971964;71.97757009345794;1.919626168224299;78.41900226700805;26.40807709981508
183;9.0;25.77205199628598;74.31104921077066;2.539461467038069;81.44814347699771;25.40659434360373
184;11.0;28.14417194570136;71.80633484162895;1.691402714932127;78.19671797310981;26.415856975452392
185;16.0;28.954537480063795;55.58133971291866;6.645933014354067;68.87683798776584;27.65759907758017
186;10.0;27.442729211087418;65.16204690831556;1.019189765458422;76.35210642255775;26.424015580353075
187;9.0;28.1811175616836;59.34325108853411;1.6269956458635704;73.98295666871238;26.88645290172891
188;12.0;33.378953068592054;43.33501805054152;2.4844765342960287;53.64306139847623;29.298344056046037
189;3.0;31.08640666666667;49.606;0.1186666666666666;61.44383134779135;28.57974817737963
190;9.0;24.758570287539936;66.95926517571885;2.315495207667732;88.68929382801684;24.335981560280217
191;9.0;26.46157276995305;75.6150234741784;2.983568075117371;83.1408615085193;25.411745220171277
192;11.0;28.446328996282528;72.9600371747212;2.059479553903346;79.69436466525399;26.335524633280503
193;11.0;29.43684210526316;65.77777777777777;3.950877192982456;66.81111242958396;28.089027355232837
194;12.0;31.89572413793104;43.19386973180077;5.737164750957854;53.467480353577145;29.393301752033445
195;9.0;24.623598360655738;67.28032786885245;0.8754098360655738;89.26526742959587;24.23583654571158
196;14.0;31.897687642153148;38.51250947687642;4.459438968915845;47.64411573654369;30.01748852410243
197;10.0;27.941296296296297;66.24074074074075;1.1922398589065255;73.78870036422589;26.84155854175005
198;7.0;28.04704322200393;75.74656188605108;0.8516699410609038;83.31161445040077;25.830207283258076
199;11.0;29.34273622047244;73.00196850393701;5.701771653543307;79.74879665754177;26.57671945468009
200;7.0;28.50248015873016;75.20436507936508;0.6636904761904762;82.60777670063389;26.03267636505061
201;10.0;25.1469463340892;73.63567649281936;2.4784580498866213;80.57142711091983;25.33004379264844
202;8.0;34.28137404580153;44.13740458015267;0.015267175572519;54.64118781286759;29.14501936404276
203;11.0;29.28407872696817;63.30485762144053;2.453098827470687;68.00886645687088;27.84329214373696
204;7.0;31.40672093023256;56.23720930232558;0.2244186046511627;69.69270507603851;28.24452922893466
205;10.0;28.485307971014493;72.69927536231884;0.1268115942028985;79.35586394927192;26.38325699789053
206;9.0;33.86699036918139;40.54574638844302;0.7455858747993579;50.173354941411226;29.645259071684617
207;7.0;23.00547461368653;72.22222222222223;0.3899926416482708;78.73659064388842;24.940113890216427
208;9.0;27.900909926470582;75.42738970588235;1.4724264705882353;82.89728993519158;25.83518838845414
209;5.0;34.926312201772326;34.915473755964555;0.645535105657805;43.16959350311176;30.34171440470448
210;15.0;26.89650922509225;69.27749077490775;6.582287822878229;74.91396917141292;26.430556811710268
211;10.0;29.304169530355097;71.87514318442153;0.6838487972508591;78.2860396152868;26.72591231314628
212;6.0;30.689260969976907;61.60046189376443;0.266743648960739;61.69717909568019;28.57297394692184
213;11.0;30.42922960725076;46.98942598187311;3.843655589123867;58.18895162795329;28.96241722186833
214;10.0;34.81533187454413;33.93946024799416;0.3960612691466083;41.95548430865641;30.477568342428278
215;10.0;25.685071428571423;68.07755102040817;1.476530612244898;73.35630065280819;26.26675582700315
216;8.0;28.810227670753065;68.04553415061297;1.7136602451838878;73.31473884109454;27.132912260714114
217;8.0;25.08331983805668;71.38203901361796;0.9683474420316526;77.6459301094777;25.632151532806464
218;9.0;32.29520851818988;52.37355811889974;0.5732031943212067;64.88652730528176;28.148629379232105
219;7.0;27.518325163398693;60.80555555555556;0.4468954248366013;76.83332775269655;26.392277737564772
220;6.0;29.10335557673975;69.64251668255481;0.3469971401334604;75.38781743144833;26.987216907211835
221;11.0;28.39816;71.288;2.776;77.52385597160199;26.55940146114365
222;15.0;31.68978486055777;40.83027888446215;5.819123505976096;50.52729832100289;29.71907175741097
223;8.0;28.61745414526779;63.722670579603815;1.471753484959648;71.07836172494447;27.324118180396265
224;7.0;35.44686956521739;47.26847826086957;0.6130434782608696;58.53607790735064;28.667646509200196
225;16.0;27.073744680851064;62.54723404255319;6.7906382978723405;78.59884689781569;26.07679889010855
226;9.0;34.864642857142854;37.10299003322259;0.4269102990033223;45.89074808094397;30.0531614574853
227;5.0;23.77169133192389;74.55919661733616;0.9809725158562368;81.7702691518335;24.81989216921604
228;7.0;24.55857945425361;69.47752808988764;0.3547351524879615;75.17364206492442;25.757609593357817
229;10.0;25.472738619676942;67.55800293685756;0.9889867841409692;72.68186371494235;26.281906290306438
230;10.0;29.04801909307876;56.004773269689736;5.445505171042164;69.40356694214859;27.625820048853253
231;7.0;33.13530973451327;54.17809734513274;3.2964601769911503;67.13127868262775;27.864860492386978
232;9.0;29.5808674304419;58.11702127659574;0.6055646481178396;72.03109177168442;27.485635676572507
233;6.0;33.36072176949942;40.65075669383003;0.0745052386495925;50.30398220859737;29.657242279855545
234;7.0;28.078398768283293;64.96227867590454;0.8321785989222479;73.38691489924244;26.92325856538098
235;10.0;32.5346949602122;48.38638373121132;0.2236958443854995;59.92669320005929;28.66805014387656
236;10.0;24.821061192873746;69.35476374903176;2.638264910921766;75.01427894003304;25.847389178672177
237;10.0;29.08681651376147;58.84954128440367;5.091743119266055;69.79840439548242;27.593375333467595
238;8.0;29.8170390070922;62.0186170212766;0.6524822695035462;65.73808817472403;28.184544114936934
239;7.0;28.44084473049075;62.72968624296058;1.49798873692679;72.10397249088648;27.163364694203725
240;9.0;26.56736408566721;69.0;2.9785831960461286;74.55375221663981;26.379169008844823
241;7.0;30.612819698173155;50.17116759332804;0.9388403494837172;62.14686994906508;28.528689081413766
242;9.0;30.28519298245614;49.96608187134503;3.492397660818713;61.89175415540268;28.572855703361054
243;8.0;30.83354954954955;55.78108108108108;0.5657657657657658;69.12530568787317;28.14850009407837
244;11.0;27.31988454706927;67.92273534635879;1.1740674955595027;73.1553309784983;26.739437494501264
245;8.0;28.087701030927835;73.76907216494845;2.1762886597938143;80.74459100370233;26.121898488072272
246;12.0;29.03301204819277;54.91566265060241;2.6265060240963853;68.04877092179167;27.7697121856304
247;6.0;27.282782874617737;78.26401630988786;0.7614678899082569;86.57957810301605;25.262429505756515
248;8.0;29.585449591280657;72.18074477747503;3.5386012715712987;78.6827478491376;26.760116404337523
249;10.0;31.228169014084507;60.651408450704224;2.3392018779342725;59.333403700450056;28.79871759387601
250;8.0;26.09674698795181;70.06024096385542;4.519578313253012;75.93007462394388;26.099036746569773
251;9.0;28.71956730769231;72.484375;0.6959134615384616;79.07689700300185;26.478323900345387
252;8.0;37.03;45.39473684210526;0.9605263157894736;56.2052426617563;28.836258500968725
253;7.0;34.55986474301172;37.7439134355275;0.7799819657348963;46.68802290278343;29.983334844339748
254;8.0;31.964028077753778;56.114470842332615;0.5118790496760259;69.5400249219486;28.41486288785829
255;10.0;34.1728832406672;37.81016679904686;0.5941223193010325;46.77043858366854;29.994363470786404
256;14.0;25.930356576862124;69.63866877971473;5.422345483359747;75.38282238307681;26.1129570381583
257;13.0;26.67423364485981;62.297196261682245;6.246728971962617;80.53471955518329;25.755132423856857
258;10.0;31.18204081632653;48.79883381924199;1.7776967930029155;60.4397593001108;28.682479706480613
259;14.0;26.12878738884398;67.91673403395312;5.509296685529507;73.14754054121211;26.41189953110299
260;15.0;28.66111908177905;62.03443328550932;6.459110473457676;71.19694603769382;27.323199812816448
261;12.0;27.410825057295643;63.84950343773873;4.491978609625669;76.75546270070737;26.37114742625456
262;11.0;28.84285579641848;57.475966069745525;2.5014137606032043;71.23365299196014;27.369294460747856
263;15.0;26.769699042407662;62.17236662106704;6.540355677154583;80.10765463395772;25.82811509664494
264;16.0;27.683202614379084;58.709150326797385;6.446895424836601;72.76766899964603;26.881962677747417
265;8.0;31.40905817174515;42.70914127423823;3.296398891966759;52.86450378375011;29.482923962116875
266;9.0;25.610200787401578;71.43267716535433;5.315748031496063;77.71166462198495;25.77023186466932
267;14.0;26.582167630057803;69.83381502890174;4.4393063583815024;75.63614607515596;26.264984353929695
268;11.0;29.69871062271062;57.11868131868132;3.2996336996336995;70.78920965407254;27.653817677497084
269;6.0;37.69868301544051;33.776566757493185;0.4877384196185286;41.75285341992473;30.35128763320466
270;13.0;27.44584122359796;67.82374362709396;5.445010924981792;73.02682762312301;26.788204854159623
271;12.0;26.550554649265905;63.11908646003263;5.849918433931484;80.96094606330514;25.674462782633345
272;11.0;28.763896713615026;59.980438184663534;3.544600938967136;71.10660518988458;27.361406872612875
273;8.0;31.921929824561403;59.8280701754386;1.7216374269005847;56.21373047350345;29.097547804574543
274;11.0;32.62554642563681;45.96795398520953;1.801972062448644;56.91829447730908;28.985898862026964
275;12.0;32.965852918877935;41.93479909021986;5.043214556482184;51.90126305235251;29.50627627152999
276;10.0;25.727936058276004;70.43180898421691;3.7414002428166735;76.41241534619019;25.944652242337344
277;14.0;26.865458298926505;61.891824938067714;5.749793559042114;79.70916858147378;25.89805616276721
278;9.0;26.679348416289592;72.20361990950227;4.011764705882353;78.71244256746336;25.95565076967464
279;8.0;25.49332158245201;68.05836271053663;3.6408147277712497;73.3313918804302;26.216611418211706
280;11.0;31.06316066725197;52.05618964003512;4.454784899034241;64.49173769932528;28.25419387136369
281;9.0;33.87777286135693;39.78466076696165;0.5715339233038348;49.22660467283161;29.74620094952816
282;11.0;32.85568438003221;54.743961352657;3.0885668276972624;67.83518358633673;27.80375240025287
283;11.0;31.948657718120806;40.480238627889634;3.383296047725578;50.091866751189926;29.752463687407204
284;14.0;25.99608455882353;74.31985294117646;5.006433823529412;81.45957179550119;25.46711211751386
285;10.0;28.16913537117904;68.23318777292576;1.5353711790393012;73.55833618736354;26.92954485410608
286;11.0;28.50174311926605;61.53746177370031;4.687308868501529;72.04566642718491;27.186525287495524
287;12.0;31.692981790591805;50.40971168437026;4.026555386949924;62.44360618463174;28.441432650818964
288;9.0;28.29934169278997;71.20480668756531;1.830721003134796;77.41586087997175;26.543956859366325
289;10.0;29.91375;55.00892857142857;0.2;68.1647887956015;27.999857857055694
290;7.0;31.416767025089605;43.3584229390681;0.453763440860215;53.67217584220397;29.39594264669632
291;8.0;30.28515011547344;65.26096997690532;0.2066974595842956;62.90218660027577;28.464535576951533
292;11.0;31.74740184757506;59.20438799076212;2.0496535796766744;57.15843246235544;29.005230629834276
293;9.0;30.395494092373795;52.00912996777659;3.119763694951665;64.43319795544822;28.2947411470052
294;11.0;27.48388529139685;77.13876040703053;3.9324699352451433;85.11885835547675;25.47747727703957
295;9.0;32.28257340241796;41.428324697754746;2.226252158894646;51.27123568938416;29.608890682951305
296;8.0;24.582049689441;71.5527950310559;0.0590062111801242;77.86759229854012;25.469730235935675
297;10.0;36.12708597285068;41.097737556561086;1.5040723981900452;50.8600027664643;29.455636140824375
298;16.0;27.62095802919708;60.27189781021898;6.728102189781022;76.45107601220236;26.462340062843303
299;12.0;27.403831168831168;66.88798701298701;4.922077922077922;76.20374173670882;26.42950210038329
300;9.0;33.970277392510404;43.35783633841886;2.4341192787794728;53.67144614201448;29.26494819233841
301;7.0;29.29503759398496;62.15359828141783;1.936627282491944;68.17864851410559;27.82776257170675
302;10.0;28.79139534883721;73.19767441860465;1.1162790697674418;80.00284686384539;26.39695467947176
303;11.0;29.43013309671695;68.93078970718722;1.5474711623779946;74.46390879418995;27.178259883976335
304;11.0;32.03605326876513;44.831315577078286;1.3954802259887005;55.50437640054707;29.167735346529053
305;10.0;27.271779359430603;70.40391459074733;2.911921708185053;76.37620501280452;26.3742510831304
306;10.0;28.56265569917744;73.4406580493537;0.7649823736780259;80.31826932629386;26.299426318003697
307;11.0;25.926394779771613;69.33931484502448;2.7471451876019577;74.99422437368597;26.154324299901383
308;12.0;26.789630512514897;66.72983710766786;4.22963845848232;79.1363721186751;25.939735898932604
309;9.0;26.70199695121951;59.08689024390244;1.6890243902439024;81.02136969165295;25.70961380267072
310;5.0;29.445313620071687;58.72670250896057;0.6326164874551972;68.12809051419694;27.874718276411038
311;16.0;27.34527847049044;59.91354945968412;6.4746467165419785;77.82267044099869;26.236469278453757
312;5.0;32.007476340694005;43.37854889589905;0.1472134595162986;53.6972114682851;29.362937390150645
313;11.0;27.55151635282457;76.04459861248762;1.2170465807730426;83.69850256242252;25.65131627946032
314;10.0;28.780757575757576;71.46270396270397;0.9393939393939394;77.75064307633706;26.640105265815645
315;8.0;36.588294392523366;43.14719626168224;0.264018691588785;53.40942102474072;29.15865448242836
316;12.0;30.671385135135136;50.58040540540541;4.082432432432433;62.6559401476888;28.47110856995976
317;13.0;27.623678451178453;60.97053872053872;4.055555555555555;76.30376538914682;26.479185751788226
318;9.0;30.552706766917296;49.338345864661655;0.0;61.11088375639577;28.642836490493604
319;7.0;29.44367391304348;65.10326086956522;0.7021739130434783;66.90864451898172;28.078220852817868
320;12.0;28.428814655172413;67.66056034482759;3.565732758620689;72.8149957702356;27.082359141069077
321;7.0;25.83082690960056;68.9250175192712;1.7855641205325858;74.4564157885065;26.18673873925392
322;7.0;30.105695067264573;54.50403587443946;0.4896860986547085;67.5367289781687;28.12140166003365
323;11.0;29.153757637474545;66.78207739307535;1.439918533604888;67.95544921934778;27.81319876523294
324;11.0;29.24358024691358;72.0877914951989;1.1344307270233196;78.56208312329652;26.67904620671339
325;11.0;35.20308145240432;41.50147203140334;1.4013738959764477;51.36222710457197;29.44922523087417
326;11.0;31.906802773497688;40.46764252696456;5.806625577812018;50.0761978676934;29.75629188386012
327;14.0;27.37876369327073;64.32159624413146;6.226917057902973;76.8161015145858;26.35568240571415
328;9.0;28.896462686567165;64.43955223880597;2.2149253731343284;69.62203618194077;27.56016478559016
329;7.0;30.56148863636364;60.35568181818182;0.1125;62.54048612864391;28.489126724330585
330;10.0;25.248295894655307;71.22540666150272;1.5639039504260264;77.44260216491213;25.699852245669803
331;9.0;30.80760180995475;52.88235294117647;1.4445701357466063;65.51944116023652;28.15713795943863
332;8.0;29.27117575757576;68.02666666666667;0.4315151515151515;73.29024653999507;27.262673187136283
333;6.0;25.47433994823124;70.70923209663503;1.6764452113891286;76.77254446677863;25.835386076138334
334;6.0;30.72812087912088;46.03296703296704;0.5428571428571428;56.99916727097164;29.07462457275421
335;14.0;25.74526687598116;68.77158555729984;5.152276295133438;74.25724234166108;26.18491194204302
336;14.0;28.114740207833734;61.00319744204637;5.135891286970423;73.97713677036003;26.868788361734804
337;11.0;28.71143386897404;58.53028430160692;4.6724351050679855;72.54516912235334;27.18976031120664
338;10.0;29.101762557077627;70.4648401826484;1.4703196347031964;76.45529388049624;26.870141595782098
339;9.0;33.776953981008035;41.29072315558802;3.8473338203067935;51.10006664699737;29.55053353983013
340;6.0;28.83725947521866;69.86880466472303;3.0991253644314867;75.68156690065315;26.881757321369424
341;8.0;26.143747913188648;70.80467445742904;0.6035058430717863;76.89644032087685;26.006406641153404
342;8.0;25.53678192534381;65.724557956778;0.6388998035363458;85.24974686217355;24.92635352867841
343;9.0;28.155346715328463;76.73905109489051;1.8968978102189784;84.59998679565139;25.719294942955376
344;11.0;31.800112866817155;42.18133935289691;5.652370203160271;52.20794610261285;29.533236534599432
345;10.0;31.64053164556962;51.44050632911392;4.249789029535865;63.72586021652633;28.30666226862173
346;7.0;28.06481927710844;74.39759036144578;0.8225629791894852;81.56048447200598;26.02644261971872
347;9.0;28.218605769230766;59.41153846153846;0.4509615384615384;73.79267687163106;26.917579135004257
348;9.0;29.73294857142857;67.33257142857143;0.5862857142857143;72.38922605355798;27.48843394696745
349;6.0;31.405410071942445;47.943165467625896;0.3949640287769784;59.37535311657151;28.78512259921324
350;8.0;32.70578828828829;44.66966966966967;4.675675675675675;55.303297439212834;29.15491404172761
351;9.0;29.54065420560748;68.97897196261682;0.6892523364485982;74.52645525300727;27.20189685674653
352;11.0;29.2095519203414;61.47795163584637;2.293741109530583;68.71261251080222;27.74585118277037
353;10.0;30.28736720554273;61.11547344110855;0.1478060046189376;63.6895277018936;28.380015714304676
354;11.0;27.53303203661327;70.058352402746;1.4016018306636155;75.92762304070848;26.495292848275028
355;7.0;34.508994475138124;38.08729281767956;0.1889502762430939;47.115168697029816;29.940154328137098
356;8.0;28.706207243460767;69.53621730382294;2.38933601609658;75.24982784057346;26.892799094985183
357;10.0;34.32796903460838;37.86976320582878;0.0546448087431694;46.8445733623776;29.978455317159607
358;8.0;26.54488909426987;69.91219963031423;1.4057301293900184;75.73789887191577;26.24358868924697
359;11.0;31.842109943411483;42.6143896523848;4.31285367825384;52.74663777642299;29.473330945047227
360;7.0;36.48668934240363;39.25736961451247;0.2244897959183673;48.57068236118782;29.68260169915416
361;8.0;32.726685912240185;55.43418013856813;0.1685912240184757;68.69377925875024;28.71759369548563
362;9.0;28.937251356238697;64.40325497287523;0.9475587703435804;69.43628891427704;27.59170572689362
363;10.0;28.86892086330936;56.15017985611511;1.1780575539568343;69.58444504687947;27.55667875506645
364;10.0;27.65826969943136;61.74248578391551;4.900081234768481;75.99175208678922;26.52281430164017
365;9.0;28.0662358276644;63.00151171579743;0.8820861678004536;73.82174404235558;26.87239429248216
366;8.0;34.10381498470948;40.48853211009175;0.4847094801223242;50.10218340450815;29.640732640286345
367;6.0;28.59567481402763;74.95324123273113;1.0786397449521783;82.28178724265835;26.093989137952413
368;14.0;26.51;62.34354304635762;5.191225165562914;81.30182949651496;25.62603565588132
369;9.0;34.84283493708364;37.661732050333086;0.2664692820133235;46.5857936051735;29.97976925636722
370;11.0;28.83160975609756;60.14308943089431;5.439837398373983;70.75534763754831;27.418455164006705
371;13.0;27.19470588235294;71.9354094579008;6.197231833910035;78.36427260705182;26.13577865335276
372;11.0;26.533850036049024;63.82840663302091;3.614996395097332;80.90336649209942;25.67614860904276
373;7.0;24.730051928783386;69.0526706231454;0.365727002967359;74.62212512554731;25.865145703712184
374;10.0;31.89845794392524;58.17289719626168;1.0070093457943925;72.1005984611524;28.117008016812694
375;10.0;26.42367901234568;61.42716049382716;1.637037037037037;81.88607105912463;25.538400470268364
376;9.0;28.92408551068884;71.58551068883611;0.9726840855106887;77.91006122249951;26.662202651713176
377;14.0;30.11918032786885;46.600819672131145;5.334426229508197;57.70554592728608;29.03015516185699
378;10.0;28.880083256244216;68.86493987049029;1.7604070305272896;74.37842765466321;27.03594940081357
379;8.0;25.380531437125747;70.97604790419162;2.8540419161676644;77.11890400869605;25.771678356570167
380;12.0;29.15143784786642;57.83766233766234;2.806122448979592;71.68358402354102;27.405210491155163
381;10.0;27.734274725274723;75.7043956043956;2.734065934065934;83.25687746111853;25.749956790454814
382;8.0;22.983514306676447;72.26779163609685;0.40498899486427;78.79574531489385;24.92759592486185
383;11.0;31.448122775800712;43.88967971530249;1.4341637010676156;54.33303118014306;29.323486855924145
384;9.0;36.25582278481013;39.44994246260069;0.2554660529344074;48.8102328013785;29.66877142134155
385;11.0;28.41080608365019;61.62813688212928;2.844106463878327;72.45790730741095;27.11641082329497
386;14.0;32.97173721340388;46.80776014109348;5.348324514991182;57.96296892811579;28.856135549822486
387;12.0;28.437150084317032;64.05649241146712;2.185497470489038;71.86608117706672;27.18833888365202
388;11.0;37.16886910062333;39.24844167408727;1.1780943900267142;48.55957647538884;29.6487757412126
389;14.0;26.669644334160463;61.69975186104218;5.7245657568238215;80.67138530027486;25.738934572114125
390;6.0;31.786129032258064;43.98694316436252;0.5829493087557603;54.45402176769526;29.293166197012116
391;9.0;26.804958525345626;71.03410138248847;2.5373271889400923;77.19426452175466;26.15616316733261
392;11.0;29.02481994459833;75.62326869806094;1.6509695290858726;83.15156481726667;26.117270919797832
393;11.0;27.73485869565217;71.09673913043478;4.258695652173913;77.27557597733933;26.40365515597165
394;13.0;24.467633027522936;70.4594495412844;3.299449541284404;76.44829616888921;25.593262335141446
395;14.0;32.2923579766537;42.20933852140078;5.636575875486382;52.24277558769686;29.504235543909218
396;12.0;28.9037607505864;62.497263487099296;3.7505863956215792;69.96135284141356;27.525101991032688
397;8.0;24.585096153846155;70.0;0.5745192307692307;75.85187448716525;25.690814346054584
398;15.0;27.66045166402536;64.07686212361331;6.236925515055468;75.53218200847641;26.57363006736557
399;15.0;26.553857740585773;61.05188284518828;6.409205020920502;81.34317995055527;25.63360927932188
400;11.0;27.14556672760512;70.64990859232175;1.987202925045704;76.69553530466393;26.304562755066133
401;10.0;27.610725338491296;75.68762088974854;1.47678916827853;83.23510183045349;25.71827312166001
402;9.0;26.0154233409611;68.77421815408086;1.3119755911517923;74.26065977417183;26.25902151529113
403;7.0;35.073848515864896;48.5496417604913;1.149437052200614;60.12977755575603;28.51594296293893
404;13.0;31.91177676537585;41.916476841306;5.948367501898254;51.878471143544125;29.562825792920837
405;10.0;31.23919017288444;55.46405823475887;1.0373066424021835;68.73094603052314;28.303425548168043
406;12.0;31.25521052631579;59.28842105263158;5.814736842105263;59.467940654852136;28.78290665259188
407;9.0;33.3553908045977;50.98505747126437;0.1793103448275862;63.15930592050105;28.27937472630144
408;11.0;35.19208562019759;50.9582875960483;2.107574094401756;63.12600561126472;28.188666390448848
409;11.0;28.559682337992378;52.03811944091487;2.728081321473952;64.46925932713229;28.385108158242645
410;10.0;26.34080831408776;74.31870669745959;3.028868360277136;81.45808383100486;25.56231610386434
411;7.0;27.28254745254745;77.12087912087912;1.074925074925075;85.09564625969797;25.42450404431513
412;10.0;33.64784206411259;43.11962470680219;2.65285379202502;53.37512346839347;29.31326587773466
413;8.0;32.335361077111386;42.49449204406365;2.660954712362301;52.5974914915948;29.46400123990084
414;10.0;24.507673586256264;72.14387974230493;3.3242662848962063;78.6348925259796;25.365386679010875
415;10.0;31.795008445945943;47.01182432432432;1.2939189189189189;58.21681398158723;28.88932430871924
416;8.0;34.87699535962877;42.292343387471;0.2761020881670533;52.34602925197242;29.360495902638647
417;11.0;27.559775533108866;74.10886644219977;5.139169472502806;81.18568552239934;25.928152305545705
418;8.0;25.717879448075525;65.62454611474219;1.6194625998547567;84.41328052257938;25.06767783617236
419;7.0;34.93395114942528;36.685344827586206;0.7442528735632183;45.37121952929743;30.105299337165363
420;9.0;34.60144827586207;40.38128078817734;1.1704433497536946;49.96876843126199;29.6294915389024
421;9.0;26.529247121346323;71.0088573959256;3.679362267493357;77.16149474060056;26.083729217744686
422;6.0;24.37187549251379;71.08747044917257;1.811662726556344;77.26354409577445;25.477784922408475
423;11.0;34.01564372469635;37.59757085020243;1.3174089068825912;46.50598046491491;30.0307855853933
424;6.0;24.728229329173168;73.68720748829953;0.6606864274570983;80.638320643775;25.20729320328382
425;10.0;25.464469453376203;68.95257234726688;1.5819935691318328;74.4921853243882;26.08182455339108
426;10.0;28.49150044923629;69.06918238993711;3.022461814914645;74.64355941774535;26.899846719156866
427;9.0;27.59730324074074;74.13541666666667;0.5590277777777778;81.22015096006729;25.934732999637173
428;14.0;30.56650878533232;50.25821237585944;5.831932773109243;62.2551490557964;28.51945829306402
429;8.0;34.58202551834131;39.18500797448166;0.583732057416268;48.480668307314765;29.79001869473719
430;9.0;26.01161450924609;66.69559032716927;2.012091038406828;82.8192098948985;25.32283508537109
432;15.0;33.67069019607843;39.432941176470585;1.5419607843137255;48.78908410042349;29.803734507162904
433;18.0;27.86571740713765;62.33794610342317;6.590677348871085;74.89693065017529;26.6996321941421
434;14.0;28.71856756756757;54.42432432432432;1.2009009009009008;67.4375720247979;27.74980054135522
435;11.0;35.342609147609146;46.3014553014553;0.6455301455301455;57.33315247989856;28.80195656759807
436;12.0;27.854810330912027;63.18563357546408;0.8071025020177562;74.78532747955636;26.70881922183579
437;20.0;28.009284692417744;60.90486409155937;5.471387696709585;74.49435515511834;26.78320090818268
439;12.0;28.82496780128795;76.85740570377185;1.5243790248390063;84.75362554925958;25.887124455632087
440;14.0;29.96846233230134;63.07327141382869;1.6831785345717234;64.81961696047806;28.275235218381187
441;15.0;28.512046511627908;70.78418604651162;2.306046511627907;76.86984385837727;26.662259914924
442;12.0;24.79451377633712;73.90761750405187;0.1320907617504051;80.92443979386996;25.194305678110776
443;15.0;36.51070281124498;35.38755020080321;1.1124497991967872;43.75683163812104;30.197432783433104
445;19.0;28.223352365415987;59.99755301794453;6.051386623164763;73.6574676468212;26.933661206477648
446;18.0;31.147402390438245;46.19442231075697;6.143426294820717;57.20000909914031;29.03157165674718
447;16.0;28.06410845588235;66.99540441176471;1.1709558823529411;73.06315576619625;26.954693707115865
448;16.0;27.028238691049086;76.93840230991337;6.054860442733397;84.85876904752887;25.380272342291622
449;15.0;27.386445454545456;63.18454545454546;1.5427272727272727;76.99863391539337;26.337856179541344
450;15.0;31.24582903463523;44.30582166543847;1.2991893883566692;54.850689761435966;29.278375639264933
451;12.0;34.4786337543054;50.5947187141217;0.9747416762342136;62.6737451468754;28.27377225056408
452;18.0;26.51234323432343;63.54785478547855;7.66006600660066;81.05898279372887;25.653215950339334
453;16.0;26.35579405940594;68.10574257425742;4.630891089108911;73.39289673670062;26.447677519568742
454;11.0;34.87962004850445;36.68795472918351;0.4713015359741309;45.37446610887858;30.107740127640625
455;11.0;29.6299674267101;66.47557003257329;0.5689467969598263;65.76427231427817;28.19133952936918
456;15.0;28.152587155963303;60.92844036697248;3.5779816513761467;73.81269133769047;26.897190750292
457;14.0;30.357066974595845;52.54580446497306;0.1162432640492686;65.10079265178689;28.225144852343984
458;12.0;30.69702265372168;57.82847896440129;0.0420711974110032;71.67216039280096;27.83258119066853
460;14.0;28.09566711590297;61.99191374663073;2.1745283018867925;73.87697774001269;26.87447356789696
461;16.0;33.060810810810814;38.09639639639639;4.786486486486487;47.12649306757622;30.01327614231431
462;16.0;28.53810358565737;63.22788844621514;4.4398406374502;71.54852826142185;27.250868989085603
463;12.0;29.04260821309656;69.40177580466148;0.2408435072142064;75.07530633642915;27.004614697201536
464;14.0;28.341677135678392;56.99183417085427;0.5037688442211056;70.63141850957545;27.296920142593404
465;14.0;29.08900921658986;71.69700460829493;0.956221198156682;78.05479396237718;26.69185863599453
466;13.0;33.04064462809917;42.60165289256199;1.8900826446280992;52.73079392069542;29.41350821673061
467;15.0;34.48407809110629;49.96312364425162;0.9793926247288504;61.88807427732305;28.35771979374994
468;16.0;25.815224676313782;69.25057121096725;1.8606245239908603;74.87902428594893;26.136261512071965
469;13.0;28.92634062140392;75.04833141542002;1.228998849252014;82.40522592651513;26.17166739365546
470;11.0;29.33080796252927;71.54918032786885;1.0081967213114753;77.86289997183168;26.779490289341325
472;14.0;28.448158899923605;60.76012223071047;1.6592818945760122;72.44846228149555;27.127741106039093
473;16.0;32.14142355008788;49.40421792618629;1.4701230228471005;61.19282511776186;28.55250260384235
475;14.0;33.49744436468055;43.96123474515434;2.966977745872218;54.42204185360527;29.20875208728771
476;12.0;29.11095406360424;73.57597173144876;1.1672555948174324;80.49392303052825;26.43140135239289
477;15.0;26.65437398373984;62.354471544715445;5.257723577235772;80.61753669389974;25.74060817129645
478;20.0;25.268129907209136;72.26124197002142;7.972876516773733;78.78724304749683;25.558400503744178
479;12.0;27.56051583710407;67.67782805429864;0.9900452488687784;72.83741136846095;26.840517264873597
480;12.0;30.30333722287048;46.00816802800467;1.8098016336056009;56.96831862011559;29.09973597970841
481;13.0;28.137114583333336;72.48541666666667;1.8822916666666667;79.07824921370032;26.31759213434054
482;13.0;28.767849002849;54.041310541310544;0.4864672364672364;66.96112313165999;27.81544601369778
483;11.0;29.027407821229048;60.15195530726257;0.6837988826815642;69.82846499708006;27.57371164939007
484;12.0;28.89111009174312;64.68990825688073;0.7908256880733945;69.59914602107058;27.561190115535076
485;18.0;29.920444697833524;48.352337514253136;7.149372862029646;59.884341506452806;28.80678089531164
486;15.0;32.700220883534136;46.01807228915663;0.9859437751004017;56.98063899727296;28.975382215624823
487;13.0;27.444919168591223;72.10161662817552;0.9803695150115472;78.58002983630644;26.18118886140598
489;15.0;34.702710103871574;36.76392823418319;1.5967894239848914;45.46897313178539;30.10668945990584
490;13.0;28.716505281690143;70.5818661971831;1.7455985915492958;76.60720795619457;26.74732632345196
491;13.0;29.933831367409347;52.62909567496723;0.1703800786369593;65.20440251276261;28.235762316753103
492;12.0;32.4291697761194;47.95522388059702;1.736940298507463;59.39035314468508;28.730964553181416
493;12.0;24.318919540229885;73.1264367816092;0.8114942528735632;79.91037170076198;25.17398340738301
494;18.0;27.873472340425533;62.306382978723406;4.371914893617022;74.86636183013049;26.705110306599625
496;15.0;32.37505154639175;49.040091638029786;0.5326460481099656;60.739871269496966;28.589068819465982
497;13.0;27.919017132551847;71.04959422903516;1.660054102795311;77.21437613089076;26.46111511058926
498;15.0;26.41669623059867;68.93643754619364;2.1707317073170733;74.47124037978453;26.34664493907008
500;13.0;29.06251235584844;62.39456342668864;2.9085667215815487;69.23099180211673;27.648672033577995
502;15.0;29.045992647058824;51.650735294117645;0.8455882352941176;63.98737393254305;28.41180566779953
503;15.0;33.00734572490706;42.72416356877324;4.074349442379182;52.88319072380558;29.398879926526952
506;14.0;24.9825;73.03939393939395;0.1643939393939394;79.79737944879254;25.36928051212055
507;15.0;29.409417475728155;66.54757281553398;1.720388349514563;66.7925479790883;28.09242525415073
508;15.0;24.304591666666667;68.41333333333333;0.78;73.79218715126488;25.83852684114161
509;14.0;29.02789620018536;76.55143651529194;1.567191844300278;84.35644013159921;25.986470274219556
511;15.0;26.35725069897484;68.30848089468779;3.960857409133271;73.65607586554022;26.419323272012807
512;12.0;29.57550212164074;52.85431400282886;0.2277227722772277;65.48456220356984;28.22412127716996
513;15.0;28.9717496339678;63.58711566617863;4.387994143484627;69.43034841260248;27.60186608827648
514;11.0;25.35268613138686;69.32627737226278;0.3065693430656934;74.97730013994264;25.9980002492472
517;14.0;28.10556296914095;63.14595496246872;1.1993327773144289;73.60811849693857;26.90657836147581
518;19.0;27.712146892655365;61.83212267958031;6.063761097659403;75.71992297856849;26.567369384356837
519;13.0;23.815471987720645;73.18265541059094;2.841903300076746;79.98335035506159;25.02720746271124
520;18.0;28.665244444444447;69.00888888888889;4.343111111111111;74.56529108126671;26.956300341295552
522;15.0;27.4855131698456;62.95367847411444;4.690281562216168;76.57495478673532;26.411462079260662
523;20.0;28.09497737556561;54.40995475113122;7.802714932126697;67.41969703557729;27.57982787751719
524;12.0;28.82968220338984;70.34957627118644;0.5889830508474576;76.30566723003959;26.81147691737529
525;13.0;27.014310661764707;70.57628676470588;1.4200367647058822;76.599965170639;26.278817369668083
526;16.0;29.76040953090097;55.37974683544304;2.9463886820551006;68.62606710797665;27.907180576316986
527;14.0;32.11295454545454;45.15151515151515;1.2831439393939394;55.90268773969329;29.12108743405085
528;14.0;28.95610389610389;59.54626623376623;0.6931818181818182;70.28195441086496;27.504503139313787
529;13.0;28.56646071700992;61.07017543859649;1.7383676582761252;71.82979679600312;27.22795478031881
530;11.0;29.50345977011494;69.84482758620689;0.903448275862069;75.65044172104922;27.06883164772205
531;11.0;35.760391705069125;46.85138248847926;0.7695852534562212;58.01723282160937;28.70717552679758
532;14.0;35.30378514056225;50.14658634538153;4.077309236947791;62.11629217642225;28.29117805667985
533;17.0;27.80926829268293;64.50554323725055;4.011086474501108;74.74649887395151;26.70050568657635
535;21.0;25.01368773234201;70.98661710037175;6.762081784386617;77.13262411763903;25.669039305927708
536;14.0;28.2950843373494;65.30040160642571;1.4610441767068274;72.29796872613791;27.101981413559
537;13.0;24.465022850020773;70.63398421271292;1.1362692147901952;76.67486351284941;25.567787181790177
538;12.0;27.37774881516588;67.42101105845181;0.590047393364929;72.50403150670273;26.826554049907525
539;17.0;26.801332788225675;62.01390024529845;6.203597710547833;79.98867773623373;25.84983643917142
540;11.0;32.13653333333333;42.423529411764704;0.0;52.50921772936372;29.48367043940637
542;11.0;33.631254019292605;39.45659163987138;0.1985530546623794;48.81850402630928;29.802604849859136
543;16.0;26.97777477477477;65.70900900900901;4.24954954954955;78.44382356583291;26.067278066985462
544;15.0;27.25477777777777;75.67111111111112;2.75;83.2136701191228;25.62247897921769
546;12.0;29.521244292237444;64.27625570776256;1.1906392694063928;66.70127280305256;28.096470197506576
547;15.0;33.3882338902148;38.69371519490851;1.0397772474144789;47.869526068013535;29.91681333212868
548;15.0;29.33103884372177;61.96476964769648;1.1409214092140922;68.04487781639062;27.852304469533102
549;12.0;26.227900232018563;77.18213457076565;1.3306264501160092;85.17516332338673;25.125046236277846
550;11.0;33.1219852398524;38.33579335793358;0.0693726937269372;47.42429022894071;29.978211009697343
551;13.0;28.126372699386504;63.76763803680981;1.01840490797546;73.3901439134011;26.936132313590733
552;19.0;27.96759410801964;61.46644844517185;6.986088379705401;74.58327053364009;26.761991488063213
553;16.0;27.26141357027464;64.40710823909531;5.75686591276252;77.35414201003823;26.264540477335096
554;19.0;27.433451986754967;64.10678807947019;8.009933774834437;76.59903148674078;26.39447794773736
555;23.0;27.59462603878116;61.59279778393352;8.104339796860572;76.32128634787489;26.46926151217029
556;16.0;31.770480916030536;44.52366412213741;6.194656488549619;55.12167425853675;29.22239445153715
557;21.0;27.373862857142857;75.45485714285714;7.982857142857143;82.9329460268428;25.68598397420968
558;17.0;36.97924219910847;46.10401188707281;4.855126300148588;57.08754331278269;28.74427782342342
560;25.0;26.790613545816733;68.05338645418327;10.17211155378486;73.32493209123407;26.57498464633086
561;15.0;30.66481851179673;53.133393829401086;0.5490018148820327;65.83172275069478;28.13098926865735
562;14.0;27.55066968325792;70.65610859728507;2.6814479638009048;76.70358366918418;26.41537150206977
563;11.0;27.443743842364533;75.8551724137931;0.9763546798029556;83.4526041952762;25.648470757498508
564;15.0;29.22637220259128;71.85865724381625;1.1684334511189636;78.26463884863654;26.70680166971233
565;14.0;24.45888150175988;71.83300743058271;3.4208056315995305;78.23134225484326;25.39602782678387
566;13.0;26.73850420168068;63.46470588235294;3.0823529411764707;80.00633931711457;25.830584638944888
567;17.0;29.45236349453978;53.9789391575663;4.9609984399375975;66.88353642834451;28.080466499151257
568;13.0;30.85151111111111;48.68148148148149;1.522962962962963;60.29377919727171;28.715095565297865
570;11.0;29.322980251346497;61.754039497307005;0.3168761220825852;68.12351177164548;27.8414908770176
571;16.0;28.66376851851852;69.64814814814815;1.337962962962963;75.39512776235074;26.865222643048444
572;23.0;25.48318887980376;66.45870809484873;8.878986099754702;85.36169225680004;24.89934622521887
573;15.0;26.79440597954367;65.38001573564122;2.084185680566483;79.37358575244723;25.91513374076843
575;13.0;36.742354978354975;43.103896103896105;1.324675324675325;53.35555791807242;29.15652082918548
577;17.0;32.4186013986014;42.95182595182595;6.254856254856255;53.16639069003423;29.39874025324765
578;12.0;30.5391976744186;58.22674418604651;0.1732558139534883;72.16758126913368;27.734936983812343
579;18.0;31.16905335628228;60.65232358003443;5.129087779690189;59.6125582748634;28.77182555678233
580;13.0;23.675717329545456;74.86931818181819;2.254971590909091;82.17284486125781;24.749445047155337
581;13.0;26.525911477869467;66.72918229557389;1.266316579144786;80.3826116719364;25.73085936850947
582;12.0;29.030503048780485;69.57621951219512;0.7179878048780488;75.3017555981316;26.976534648667148
583;17.0;28.45881652104845;58.43050039714059;5.660047656870532;72.42104322155187;27.1336753450056
584;16.0;25.874476831091183;64.99925261584454;4.920029895366218;83.79367369239999;25.17855257103299
585;15.0;26.295128;64.2888;4.3632;81.94276078706406;25.496764445614048
586;15.0;26.610975609756096;64.45426829268293;4.948170731707317;80.41848658766006;25.75039199752755
588;11.0;29.582694753577105;52.09936406995231;0.4753577106518283;64.54544440717282;28.324429192940677
589;15.0;24.10382310984308;72.17475035663338;0.0677603423680456;78.67496635794416;25.24966524939328
591;12.0;28.985228658536588;72.47103658536585;0.8353658536585366;79.05958210991176;26.55345944119045
593;21.0;26.742701812191104;61.81713344316309;6.941515650741351;80.30358678302295;25.79926366306952
594;15.0;25.42862579281184;69.26744186046511;1.0591966173361522;74.90092445178033;26.027282116648355
595;13.0;28.351809290953543;58.712306438467806;1.9755501222493888;72.77159503567576;27.06587063582697
596;11.0;34.284292168674696;38.69277108433735;0.0;47.86835164438551;29.870944214740675
597;13.0;27.29132118451025;70.38154897494306;1.643507972665148;76.34717170883498;26.38281110242267
598;13.0;24.39328100470958;72.16091051805337;1.901883830455259;78.65700055526297;25.331432691676078
599;14.0;27.23867579908676;59.13176777560339;1.58382257012394;78.47684165038676;26.135601618579063
600;18.0;25.980659557661927;69.60742496050553;5.899684044233807;75.34226408554507;26.131257263324468
601;12.0;29.75429906542056;65.80373831775701;1.1226635514018692;65.30608261731685;28.23407727311565
602;18.0;26.126241721854303;67.92301324503312;12.144867549668874;73.15569172495638;26.41030705674873
603;12.0;26.840847322142288;69.50279776179056;6.211031175059952;75.20644518879048;26.38325372741273
604;15.0;25.621408751334044;80.11739594450374;9.700106723585913;88.9854914824492;24.541505231218057
605;24.0;26.242247191011234;68.05089226701917;10.75016523463318;73.32169433132948;26.42415211372728
606;17.0;26.092751504729147;62.65864144453998;7.304385210662081;83.2127517209328;25.302205086453107
607;13.0;27.50718700475436;61.61331220285261;10.32012678288431;76.73050132760366;26.40044207802436
608;15.0;32.08614152892562;47.39152892561984;9.879648760330578;58.68914642764992;28.82374444084109
609;22.0;26.522627345844505;69.11349419124218;19.430741733690795;74.70108155386656;26.35073724625191
610;16.0;27.079938157081017;60.99134199134199;15.168831168831169;78.86901933407043;26.04898649050465
611;18.0;27.86806167400881;56.734801762114536;13.17444933920705;70.3116837844149;27.201278198507115
612;10.0;28.3561670235546;61.74946466809422;6.091363311920057;72.69273536828068;27.075688551925023
613;17.0;27.188005923000983;75.6061204343534;9.95162882527147;83.12930427424708;25.61328787161881
614;14.0;33.06038461538461;38.93288084464555;6.9034690799396685;48.16703548972989;29.901747784474896
615;25.0;27.71522462562396;61.13227953410982;11.972545757071549;75.84006779090971;26.555090493640456
616;16.0;26.04920041536864;66.95638629283489;8.229491173416408;82.59141941707828;25.35808679912631
617;9.0;30.768819444444446;46.263888888888886;5.881944444444445;57.28642184909568;29.0417406805236
618;17.0;27.65385057471264;61.02791461412152;7.944170771756979;76.15015518639164;26.50428827334176
619;13.0;28.652656826568265;71.54243542435424;6.632841328413284;77.85414426236682;26.59347860082959
620;19.0;29.31074211502783;56.33395176252319;12.538033395176251;69.8130475809946;27.653512350510017
621;12.0;27.49420957542909;76.19963866305329;9.62691960252936;83.89976350488521;25.61352616780818
622;17.0;29.955080515297904;49.56924315619968;10.553945249597424;61.39810777772526;28.642721335385662
623;13.0;33.120611169652264;55.57744994731296;12.36354056902002;68.87199932503464;28.80672717701468
624;13.0;26.93387002096436;65.137106918239;9.986582809224318;78.76134518734195;26.02047989712179
625;13.0;28.057207488299536;59.4009360374415;6.773790951638065;74.55734937696519;26.78953040819478
626;15.0;25.37964570416297;70.26572187776793;10.568644818423383;76.19681397446162;25.87218485358793
627;13.0;29.505872146118723;52.57077625570776;8.493150684931507;65.13185623900718;28.265506875648363
628;20.0;27.488395256916995;62.198418972332014;9.452173913043476;76.70668915328945;26.397862934215688
629;18.0;26.55539898132428;61.19100169779287;11.105263157894736;81.30912337471106;25.637755341583965
630;16.0;26.99342948717949;62.18589743589744;7.253205128205129;79.04788936134285;26.00559183432768
631;11.0;26.99046223224352;60.67531003382187;6.03945885005637;79.35262862096602;25.97147690398609
632;20.0;28.30284578696344;54.38155802861685;13.424483306836247;67.384373014326;27.640997464735243
633;14.0;26.20053623188406;70.33840579710144;10.531884057971014;76.29116658885754;26.08819762495993
634;15.0;27.723921161825725;76.81120331950207;13.203319502074688;84.6936492052876;25.590115708801022
635;10.0;28.509827160493828;62.69382716049383;9.129218106995884;71.78492098229118;27.217244017683303
636;9.0;26.61390146471372;68.34221038615179;7.857523302263648;73.69986086958313;26.485298583884127
637;21.0;26.601871599564745;76.90206746463548;12.502720348204573;84.81160197567753;25.26787525036454
638;11.0;36.76;32.847566574839306;8.104683195592287;40.5972263162013;30.52335836226028
639;19.0;29.43973399833749;52.78221113881962;10.681629260182875;65.39487005338411;28.240705658571063
640;11.0;26.06813768115942;67.7927536231884;7.478985507246377;72.98659880888954;26.412763260566308
641;16.0;26.78441134751773;65.8822695035461;14.834751773049645;79.32415122284961;25.917779574784934
642;11.0;28.9536231884058;58.05644546147979;8.795575896262395;71.9557386607968;27.32093583508431
643;14.0;26.55202681388013;67.02523659305994;7.167981072555205;80.20223581991515;25.75776792714732
644;15.0;29.17596385542169;69.12650602409639;13.518072289156626;74.71797250387496;27.080424771605887
645;40.0;26.40805135951662;68.37009063444108;30.617824773413897;73.73605284079524;26.42459061476489
646;23.0;27.67446153846154;63.19397993311037;10.815384615384616;75.63589733677584;26.56616034324751
647;12.0;29.19207928802589;52.295307443365694;6.313915857605178;64.789187602642;28.31834940892012
648;14.0;26.221219158200288;66.99927431059507;11.738026124818578;81.7703500842141;25.495225729528556
649;16.0;29.066767757382284;56.10614525139665;7.658419792498004;69.52966832706329;27.617210847011005
650;17.0;29.19677626303127;54.890136327185246;10.95429029671211;68.01701752523688;27.81833197073945
651;13.0;25.231177924217462;65.93822075782538;10.245469522240526;86.65265313672089;24.688811244028404
652;12.0;27.115392609699768;75.68475750577367;8.290993071593533;83.23138480794664;25.58211448975688
653;13.0;31.90625339366516;53.19276018099548;10.076923076923077;65.90557135291537;28.059349072741927
654;15.0;32.56194921583271;41.763256161314416;7.506348020911128;51.68787271960907;29.54988508763024
655;17.0;29.820959939531367;52.91005291005291;7.579743008314437;65.55389845680504;28.204088713155635
656;7.0;26.204550641940084;64.08273894436519;5.6155492154065625;82.41041018272239;25.42069502259803
657;17.0;25.346630794701987;67.59271523178808;12.586920529801324;72.7269245180527;26.242214475888915
658;15.0;30.71926981300089;50.14203027604631;12.233303650934996;62.110624667084224;28.52711059217492
659;13.0;25.19653038674033;75.17458563535912;7.783425414364641;82.56911934116589;25.1254396153402
660;14.0;29.21670027497709;48.83043079743355;7.002749770852429;60.47906427020199;28.77914775428152
661;11.0;36.654900900900905;44.84864864864865;9.501801801801802;55.52593782504569;28.92833663034462
662;15.0;28.95443465491924;71.8957415565345;7.34654919236417;78.31277882086322;26.626567708887865
663;11.0;27.184439428141463;62.50940556809631;7.130173062452972;78.08307720759065;26.16367252680775
664;19.0;25.06187925170068;68.34353741496598;13.364795918367347;73.70158351524046;26.05721303394941
665;11.0;29.714510108864697;54.90746500777605;6.43701399688958;68.0385734875891;27.9587175166459
666;20.0;31.29663837011885;40.65365025466893;9.110356536502549;50.30758164527579;29.76280661041698
667;17.0;30.62248861911988;50.61229135053111;8.322458270106221;62.69560457736612;28.469366264506952
668;18.0;32.10715562174237;43.96723752792256;10.43410275502606;54.429508997954905;29.27931564241349
669;12.0;25.93318705035971;70.10863309352519;8.718705035971222;75.99289352518636;26.04707895852711
670;13.0;27.040585585585585;75.97972972972973;9.52027027027027;83.61429482105041;25.519651910048324
671;15.0;27.64777954004758;58.39571768437748;8.702616970658207;72.37777536610835;26.914797532284226
672;21.0;27.107437694704046;65.52180685358256;15.136292834890966;77.8671738596755;26.16603324539265
673;23.0;27.261237830319885;66.65159944367177;10.18219749652295;76.9230112027198;26.31159884505052
674;13.0;27.067564102564106;59.75897435897436;12.45897435897436;79.1646626928744;26.013271925493445
675;16.0;34.62855752212389;40.12566371681416;15.2858407079646;49.6507943109579;29.662188085350447
676;15.0;32.02473561430793;41.01010886469673;13.69751166407465;50.75099730739863;29.677897194876124
677;11.0;24.552020400156923;71.37701059238917;7.4182032169478225;77.63940260389504;25.486383850830286
678;17.0;25.898250191864925;69.37221795855717;7.991557943207981;75.03693663813239;26.14189786248036
679;17.0;27.927846441947565;59.73689138576779;11.91385767790262;75.10394454335702;26.69414231860073
680;27.0;25.1388759367194;69.4179850124896;21.33472106577852;75.0963478700984;25.92604455652432
681;15.0;27.45934232715008;59.15261382799326;6.714165261382799;77.43014601525772;26.31080559185566
682;14.0;25.091495844875347;67.62788550323177;11.225300092336104;72.77257983067418;26.166884525663622
683;12.0;26.34122895622896;63.48569023569024;6.617003367003367;81.87948823457306;25.51638799642638
684;17.0;27.780981496379727;60.57039420756235;11.599356395816573;75.63749338270797;26.59535383592425
685;15.0;29.306311154598824;70.47162426614481;7.0195694716242665;76.46410045036804;26.92557404141329
686;7.0;30.190608695652173;53.20096618357488;6.180676328502416;65.91577918620867;28.14631946306335
687;17.0;27.28520481927711;63.56465863453816;8.63132530120482;77.40385740833594;26.265667724650683
688;10.0;28.40126199261993;63.00516605166052;6.081180811808118;72.2379899169086;27.137808410638915
689;7.0;28.689860883797056;62.27659574468085;5.823240589198036;71.01453142187181;27.351055258535435
690;24.0;25.55617886178862;69.16334072431633;12.420546932742054;74.7657884485586;26.077214312329787
691;15.0;27.264573283859;76.85992578849722;11.74860853432282;84.75689692736519;25.45656141567684
692;12.0;32.158762654668166;41.95613048368954;7.139482564679415;51.92779817787136;29.544859859264264
693;11.0;32.34106542056075;50.86355140186916;6.157943925233645;63.00815879514863;28.347644008580268
694;17.0;26.63992592592593;61.71358024691358;7.610699588477366;80.8091480824507;25.715688684397037
695;16.0;32.299111282843896;40.11978361669242;14.268933539412672;49.6434797773333;29.782543614256884
696;13.0;32.06466911764706;40.85906862745098;6.442401960784314;50.56311123894234;29.69598951710888
697;6.0;26.8386165273909;79.93871866295265;5.272051996285979;88.7535465240308;24.90243627826622
698;11.0;23.135814627081825;76.76466328747284;7.181028240405503;84.6332345532395;24.331761647043045
699;16.0;26.24137460650577;78.17733473242393;8.257082896117524;86.46705481686584;24.98760470028908
700;19.0;27.903889334402567;59.89735364875702;9.026463512429832;75.18626401266091;26.678542764433196
701;16.0;26.39340267459138;68.66530460624071;7.902303120356612;74.1192766721586;26.37867958651593
702;12.0;29.38192400970089;59.32336297493937;6.32821341956346;68.31278663513883;27.8370610376738
703;15.0;26.750625;63.2516447368421;7.395559210526316;79.99007111615913;25.835703899577155
704;17.0;27.337502762430937;74.44972375690608;7.994475138121547;81.6281599936911;25.818524747601955
705;14.0;27.53557514693535;60.25944584382872;11.53568429890848;76.85691986563269;26.39445585683917
706;11.0;27.5123730378578;62.35734072022161;8.059095106186518;76.5628052833804;26.42019492410461
707;17.0;25.313597662771283;73.19616026711185;8.820534223706177;80.00088131007163;25.438329856357495
708;18.0;30.892899728997293;59.49774164408311;9.11111111111111;61.13963105301151;28.62229243022523
709;21.0;28.091904;55.4552;13.0536;68.71992685488718;27.43691300175421
710;13.0;27.82805579036349;58.06593406593407;7.0;71.96754198300127;27.009323748522576
711;15.0;29.63209992193599;53.713505074160814;8.329430132708822;66.55335046416194;28.106637790611813
712;15.0;24.43221124620061;70.70744680851064;8.908814589665653;76.77022694450504;25.54832118786007
713;17.0;30.68830940988836;48.76475279106858;7.301435406698564;60.39736430319331;28.71236804193769
714;18.0;32.307818991097925;42.5;8.36572700296736;52.60434309753096;29.46468046682879
715;15.0;26.635026408450702;61.13204225352113;10.432218309859154;80.94421835193425;25.699579634782705
716;15.0;25.983528880866427;73.9341155234657;12.316787003610107;80.95883746299587;25.518362416127456
717;20.0;29.32414006179197;69.53450051493306;13.432543769309987;75.24759923868173;27.063408590198325
718;14.0;34.14303587856486;41.95860165593376;13.83808647654094;51.930872185472985;29.44267679663735
719;15.0;30.10306386418755;48.18674211802749;13.161681487469684;59.67834958987051;28.819490124956936
720;18.0;27.14684210526316;64.37511150758252;13.413916146297948;77.90166793252064;26.17312822351282
721;8.0;30.758067039106148;62.27932960893855;5.665921787709498;61.24140892179342;28.618302457390797
722;13.0;27.828490259740256;62.18993506493506;9.167207792207792;75.10132003198228;26.66703627469574
723;12.0;28.48732692307692;74.375;7.923076923076923;81.53115942071399;26.146133440358856
724;9.0;27.67361201298701;60.88798701298701;7.733766233766234;76.08370893131317;26.516996707079706
725;15.0;30.70322383498854;50.35599694423224;8.006875477463712;62.37678788821803;28.499400495751253
726;15.0;27.3451872659176;62.21910112359551;7.691011235955056;77.37938886402472;26.284878587294703
727;21.0;26.01850144092219;70.17363112391931;13.563400576368876;76.07726891598125;26.061381257613647
728;15.0;26.75562805872757;63.47063621533442;8.216965742251224;79.92428510825604;25.844271261541103
729;11.0;30.22227692307692;53.48538461538462;9.304615384615383;66.26958067595532;28.106765011288303
730;14.0;26.8145342126958;62.93569661995053;8.333058532563891;79.7488955918787;25.8796755261729
731;17.0;33.2200542888165;55.13680781758958;7.350705754614549;68.32386381585091;28.89403510458127
732;21.0;27.29658566221142;60.71567436208991;13.783718104495748;77.89837943886242;26.214772297648647
733;16.0;26.880213903743314;64.05989304812834;7.973262032085562;79.22219277014949;25.955332963708727
734;16.0;28.3798024691358;59.05432098765432;14.705349794238684;73.09974526161085;27.03773363084162
735;32.0;27.555902720527616;65.20280296784831;25.79719703215169;75.80950029067496;26.51450486042749
736;11.0;28.89670511896179;60.18817591925018;8.09805335255948;70.43908483175123;27.47095810788351
737;14.0;27.06203349282297;63.50598086124402;8.446172248803828;78.46966947042274;26.087684444815054
738;17.0;26.609853658536583;63.71138211382114;11.092682926829267;80.56675936414393;25.733881883759945
739;16.0;27.7611119873817;63.32728706624606;10.750788643533124;75.20080497872395;26.63758981249225
740;14.0;29.32642857142857;63.0;12.607142857142858;67.86742789724332;27.870422185475515
741;16.0;27.18991071428572;61.95436507936508;12.949404761904765;78.16404426443577;26.15633424105388
742;23.0;26.19024115755627;69.92604501607717;15.565916398713826;75.75587187551866;26.143847363859425
743;18.0;28.328091743119263;53.28807339449541;7.922018348623853;66.024135950555;28.23030691246697
744;17.0;35.607528301886795;37.02264150943396;15.922641509433962;45.79079876600514;30.02574381758156
745;17.0;30.31861513687601;52.44444444444444;13.297101449275363;64.9747061459455;28.24063556880005
746;9.0;28.52721324717286;55.046042003231015;7.4378029079159935;68.21095594228663;27.61254100319899
747;20.0;27.578590544157;63.4228367528992;14.140053523639608;76.04485832397114;26.495043943644077
748;16.0;27.16069397993311;61.035953177257525;11.581939799331105;78.4788498884109;26.11388236275274
749;20.0;26.862015113350125;61.25188916876574;12.16624685138539;79.8485963386571;25.88187251442403
750;17.0;27.59218901453957;64.53634894991923;13.496768982229405;75.76630360784169;26.52922892062333
751;15.0;28.5948231511254;57.62459807073955;9.331993569131832;71.41854334186154;27.28070934367489
752;15.0;27.06344709897611;61.96245733788396;11.96160409556314;78.7600471655179;26.05634652486833
753;19.0;28.17689338235294;69.86948529411765;18.229779411764707;75.68245044082829;26.69959580705384
754;15.0;27.77781512605042;60.66050420168067;11.228571428571428;75.63511295128518;26.59474095186548
755;10.0;28.518941368078178;58.726384364820845;6.837133550488599;72.78910723164898;27.11003602463104
756;16.0;27.628359310910582;61.89171452009844;8.190319934372436;76.10436367300537;26.50226358966016
757;11.0;36.21070661896243;46.8613595706619;10.23345259391771;58.029643784278285;28.682730183042608
758;15.0;31.655269461077847;43.145209580838326;13.542664670658684;53.40694969882223;29.412133508127862
759;24.0;24.662364285714283;70.86428571428571;14.117857142857142;76.9738230209765;25.589529492757627
760;12.0;25.70034834324554;64.54885301614273;7.250637213254036;84.70313911425609;25.0311735197784
761;19.0;29.92903549382716;47.65277777777778;12.45679012345679;59.01412618546643;28.899630426783265
762;13.0;25.90559745930925;70.577610162763;7.598253275109171;76.6016831031297;25.97295400101041
763;16.0;27.63938461538461;60.7919028340081;10.162753036437246;76.26393049850296;26.48786848563924
764;11.0;29.363797909407666;68.89547038327527;10.78397212543554;74.41805999323995;27.16498066360164
765;14.0;25.27;72.53903040262942;6.866064092029581;79.14784639835963;25.51951534434843
766;13.0;26.252969752520624;63.09715857011916;9.937671860678275;82.37130117998504;25.43831750403069
767;16.0;25.8239321654864;70.59783824077525;8.408497950055908;76.62794162168733;25.94756953160741
768;18.0;27.179105351170566;62.719063545150505;8.934782608695652;78.06793204587426;26.1638567172072
769;12.0;31.950082397003747;44.95655430711611;6.794007490636704;55.66016675836397;29.155446926580503
771;14.0;26.58655656482246;61.51527663088357;7.279108175061932;81.09949094472184;25.66925073677136
772;22.0;27.44565313653137;63.20664206642066;10.746863468634686;76.71461581180002;26.385212705639187
773;13.0;27.338270676691728;61.29511278195488;7.139097744360902;77.58989603524424;26.25997093205188
774;15.0;31.50499092558984;55.79219600725953;9.23956442831216;69.13913206830615;28.332107842239765
775;12.0;26.373512412004445;67.22638014079288;7.563912560207484;81.00703331436709;25.62061603990321
776;11.0;32.74058510638298;38.87613981762918;7.367781155015198;48.09645265246294;29.92572997513503
777;19.0;30.37774072334429;51.955847815876;13.60403945514326;64.36691777592755;28.30275792992254
778;15.0;35.249710982658954;50.47976878612717;12.892100192678228;62.530753514751005;28.24952182089489
779;16.0;27.82513940520446;56.6542750929368;7.526951672862453;70.21151286603195;27.200389411716664
780;16.0;26.490858585858582;77.75252525252525;7.975757575757576;85.91560017027903;25.11664201765493
781;25.0;26.21324685534591;68.20597484276729;19.13836477987421;73.52301047667858;26.39416014401636
782;16.0;27.99283378746594;61.73660308810173;10.166212534059946;74.41201678624695;26.787661913268725
783;16.0;27.54061224489796;64.2465306122449;13.742040816326533;76.06578856611614;26.48228629947895
784;22.0;27.53899567099567;61.45974025974026;10.848484848484848;76.60975595070799;26.422404876707912
785;16.0;24.932894088669947;74.04310344827586;12.594827586206897;81.10031711541029;25.213240603608487
786;15.0;28.225157515751576;72.34743474347435;12.03960396039604;78.89913180627444;26.361436821039835
787;22.0;26.87450994841562;67.61090641120119;14.907148120854826;72.75053889317597;26.66087530050064
788;17.0;32.687978533094814;42.26923076923077;14.01788908765653;52.31727837702628;29.47594119511396
789;20.0;31.204027055150885;61.74401664932362;11.551508844953174;59.23720145078824;28.81027006904452
790;13.0;28.77116432700248;55.145334434351774;6.38728323699422;68.33447047623424;27.66630345248674
791;18.0;26.912517825311944;65.24955436720143;13.62210338680927;78.84059668283679;26.005933742488637
792;21.0;27.50315873015873;61.71507936507936;10.957936507936507;76.72995006005394;26.39939170361963
793;13.0;24.288352842809363;71.69147157190635;8.066053511705686;78.04761140461753;25.369087605902028
794;11.0;28.198974130240856;73.07225691347011;9.345227475468333;79.84003960731651;26.25141119101177
795;17.0;28.72612432847276;59.77052954719877;7.603223330775134;71.32548334263365;27.32707753699346
796;15.0;35.728082061068704;50.56679389312977;10.646946564885496;62.639008146164905;28.21336152555797
797;15.0;27.05760017809439;64.71816562778272;14.625111308993766;78.25732782259409;26.109663337568115
798;17.0;27.53212519319938;61.20401854714065;10.410355486862445;76.69143468346499;26.411586168303547
799;12.0;31.76615034168565;45.970387243735765;10.77828397873956;56.92132132225032;29.029687507859915
800;13.0;27.27881781376518;62.6;9.169230769230769;77.61968937264542;26.24032427225598
