;Unnamed: 0;Temp_est;UR_est;MP2,5_est;O3_est;MP10_est;Temp_moqa;UR_moqa;MP2,5_moqa;O3_moqa;MP10_moqa;UR_model;Temp_model;O3_moqa_sqrd;O3_model;dif_between_mp25
14;14;26.3;81.2;12.0;50.6677564364528;31.0;29.33546498277841;71.11481056257176;0.5970149253731343;17949.373134328358;1.2629161882893227;77.29903490585663;26.84238406098901;322179995.91534865;45.50548949252487;11.402985074626866
27;27;29.2;51.5;13.0;64.18308132407029;26.0;36.76527167630058;43.134104046242776;0.5803468208092486;17542.547976878614;0.8450867052023121;53.39313500102176;29.15131609527535;307740989.52108794;54.70128143882289;12.419653179190751
31;31;28.7;57.8;13.0;59.65181855333061;20.0;31.00968421052632;59.80116959064328;0.0807017543859649;16365.174269005847;0.3555555555555555;60.529410272197794;28.681715901812325;267818928.85493103;53.85543813116385;12.919298245614035
34;34;26.9;76.4;15.0;45.391091131998365;29.0;29.22637220259128;71.85865724381625;1.1684334511189636;16443.118963486453;1.6878680800942285;78.26463884863654;26.70680166971233;270376161.2473678;42.03602203213956;13.831566548881037
37;37;26.5;83.7;13.0;50.86391499795668;31.0;28.92634062140392;75.04833141542002;1.228998849252014;15957.210586881472;2.148446490218642;82.40522592651513;26.17166739365546;254632569.71408212;41.6287797651079;11.771001150747987
38;38;26.4;83.3;13.0;50.78545157335513;29.0;28.7460718424102;74.5260718424102;1.0139049826187718;15556.449594438009;1.9084588644264195;81.72726914379598;26.19604259947581;242003123.98429048;43.936675901289455;11.986095017381228
46;46;23.8;85.5;13.0;33.601961585615044;19.0;27.444919168591223;72.10161662817552;0.9803695150115472;15544.018475750578;1.4861431870669746;78.58002983630644;26.18118886140598;241616510.3744753;46.027577440599096;12.019630484988452
54;54;26.9;75.7;14.0;56.27789129546384;30.0;29.08900921658986;71.69700460829493;0.956221198156682;15377.917050691243;1.6221198156682028;78.05479396237718;26.69185863599453;236480332.81794047;47.141885909490526;13.043778801843319
56;56;26.4;78.7;19.0;48.27462198610544;29.0;28.78849658314351;70.8997722095672;0.7972665148063781;15086.851936218678;1.3792710706150342;77.0198888308043;26.72208363077805;227613101.34538528;49.16849588057144;18.202733485193622
59;59;26.5;75.3;14.0;59.63220269718022;31.0;28.835676741130094;68.69382391590013;0.5466491458607096;13830.53876478318;1.3153745072273324;74.1562982231675;27.047977005064286;191283802.52417025;56.880234944233216;13.453350854139291
61;61;23.5;80.9;14.0;32.228851655087865;30.0;27.09551912568306;67.36976320582878;0.7030965391621129;14493.377049180328;1.147540983606557;72.43750552789616;26.75601130591331;210057978.28970703;54.89759773660789;13.296903460837887
63;63;25.9;63.2;15.0;51.25623212096445;31.0;32.37505154639175;49.040091638029786;0.5326460481099656;14505.731958762886;0.827033218785796;60.739871269496966;28.589068819465982;210416259.65947497;62.39580401032325;14.467353951890034
84;84;27.4;65.7;13.0;55.41479362484675;33.0;35.037250580046404;48.50232018561485;0.2842227378190255;15141.2343387471;0.7737819025522041;60.07091201887112;28.524132165991357;229256977.3008543;59.86259922375002;12.715777262180975
87;87;28.7;57.9;14.0;58.8475684511647;25.0;32.29372192513369;54.63636363636363;0.174331550802139;14676.483422459893;0.5989304812834224;67.7013377167997;27.846946954724007;215399165.64974004;57.10244235394767;13.825668449197861
88;88;28.5;59.1;12.0;57.23906824683285;27.0;30.69702265372168;57.82847896440129;0.0420711974110032;14186.02804746494;0.2416396979503775;71.67216039280096;27.83258119066853;201243391.76346195;56.82607270586582;11.957928802588997
93;93;26.7;76.7;18.0;39.310175725378016;37.0;28.976454445664103;70.3940724478595;0.2963776070252469;15808.68496158068;0.8090010976948409;76.36342870793213;26.845631263126595;249914520.2145072;46.2243917197529;17.703622392974754
94;94;26.5;76.3;12.0;39.54556599918268;32.0;29.04260821309656;69.40177580466148;0.2408435072142064;15867.329633740288;0.6570477247502775;75.07530633642915;27.004614697201536;251772149.7057727;46.78278805816648;11.759156492785793
100;100;25.0;85.6;16.0;33.54311401716388;30.0;27.278734030197448;77.13240418118467;2.9988385598141694;16015.200929152148;4.019744483159117;85.11060719714975;25.421817989010737;256486660.80111584;39.61070463656276;13.00116144018583
103;103;24.3;87.6;15.0;26.226399673069064;37.0;27.25477777777777;75.67111111111112;2.75;15907.128888888888;3.7311111111111113;83.2136701191228;25.62247897921769;253036749.48772344;41.340266517142126;12.25
104;104;24.7;84.1;16.0;21.597057621577445;38.0;28.3681589958159;71.6663179916318;2.1192468619246863;15520.702928870292;2.9864016736401675;78.01495898187969;26.497470504601967;240892219.40624288;46.50136601036108;13.880753138075313
107;107;27.2;66.8;15.0;59.25950143032284;30.0;34.48407809110629;49.96312364425162;0.9793926247288504;15028.268980477224;1.5119305856832972;61.88807427732305;28.35771979374994;225848868.54957396;59.2159447807968;14.02060737527115
112;112;28.1;61.8;12.0;59.98528810788721;25.0;30.5391976744186;58.22674418604651;0.1732558139534883;14411.404651162791;0.5383720930232558;72.16758126913368;27.734936983812343;207688584.0195565;55.45443984180348;11.826744186046511
120;120;25.1;82.6;25.0;16.143849611769514;49.0;27.318862405200434;75.46695557963163;12.407367280606715;16806.69122426869;13.964247020585049;82.94865127705832;25.669104170270696;282464869.90791017;37.31401919972569;12.592632719393285
137;137;26.9;74.4;20.0;52.158561503882304;33.0;29.035177570093456;71.96822429906543;7.932710280373832;16164.755140186917;9.394392523364486;78.40687028317137;26.638548027009357;261299308.74219936;43.24301868335036;12.067289719626167
156;156;28.7;62.2;18.0;72.53943604413568;26.0;31.16905335628228;60.65232358003443;5.129087779690189;14564.406196213426;6.184165232358003;59.6125582748634;28.77182555678233;212121927.8483;62.85019076103187;12.870912220309812
159;159;26.6;80.6;16.0;47.90192071924807;30.0;29.553205248359887;72.06654170571696;3.206185567010309;13913.40206185567;4.366447985004686;78.53449829832603;26.767424789822307;193582756.9348496;53.665576394231934;12.793814432989691
213;216;24.0;65.0;20.0;70.8720882713527;;28.09497737556561;54.40995475113122;7.802714932126697;10532.792760180995;8.81266968325792;67.41969703557729;27.57982787751719;110939723.32892118;68.22553693647015;12.197285067873302
223;228;26.2;74.1;16.0;80.56232120964447;;28.397475642161204;71.00797165633304;1.796279893711249;14271.475642161204;2.987599645704163;77.16034494230956;26.598931234179894;203675017.00480053;52.88238311476493;14.20372010628875
230;236;23.7;77.5;15.0;67.61585615038823;;25.42862579281184;69.26744186046511;1.0591966173361522;11753.116279069767;1.8414376321353063;74.90092445178033;26.027282116648355;138135742.26933476;80.7961506873462;13.940803382663848
237;243;27.8;41.8;15.0;89.35022476501838;;34.702710103871574;36.76392823418319;1.5967894239848914;12974.06610009443;1.9206798866855523;45.46897313178539;30.10668945990584;168326391.16961947;79.40661578671727;13.403210576015109
240;246;29.8;42.5;15.0;85.46628524724153;22.0;32.700220883534136;46.01807228915663;0.9859437751004017;14804.33734939759;1.4819277108433735;56.98063899727296;28.975382215624823;219168404.35476848;63.4306886502898;14.014056224899598
242;250;27.1;60.1;15.0;72.18635063342869;33.0;29.33103884372177;61.96476964769648;1.1409214092140922;12719.754290876244;1.877145438121048;68.04487781639062;27.852304469533102;161792149.22026464;66.01079663926936;13.859078590785908
243;251;26.7;65.2;19.0;70.10706988148753;37.0;29.029390681003584;65.32347670250896;1.103942652329749;13168.086021505376;1.89247311827957;68.82381593737969;27.684029706493448;173398489.46976528;63.41570467470552;17.89605734767025
244;252;26.6;69.3;14.0;69.83244789538212;35.0;28.979036251105217;66.25375773651636;1.143236074270557;13576.75685234306;1.8664898320070733;68.88271220211689;27.663711627924272;184328326.62764424;61.470770476349614;12.856763925729442
246;254;26.5;68.2;20.0;72.51982018798529;35.0;28.766129032258064;64.26416739319966;0.6608544027898866;14347.647776809066;1.3679163034001744;70.27163651440657;27.45325384985225;205854996.7273741;56.97658258378919;19.339145597210113
247;255;26.4;67.5;16.0;79.38536984062117;35.0;28.63893115942029;65.65036231884058;0.9737318840579712;13130.260869565218;1.9818840579710144;70.60588759006234;27.381663592157025;172403750.50283554;62.44110600219618;15.02626811594203
248;256;26.2;69.7;16.0;86.38823048630978;41.0;28.06410845588235;66.99540441176471;1.1709558823529411;11977.808823529413;2.2417279411764706;73.06315576619625;26.954693707115865;143467904.21301904;83.64201288172973;14.829044117647058
249;257;26.0;69.6;13.0;93.97956681651002;39.0;27.803872932985207;67.45517841601392;1.4926022628372495;10752.334203655351;2.6222802436901653;72.54838491447912;26.9391915837589;115612690.82709676;70.08484828165263;11.507397737162751
253;261;23.5;71.1;14.0;74.24601552921946;34.0;25.25075829383886;66.38483412322275;0.9734597156398104;11766.703317535545;1.5345971563981042;86.47418033132466;24.713710158853253;138455306.96290198;80.6540446713035;13.02654028436019
255;263;23.2;67.9;16.0;50.58929301185125;34.0;27.131657519209657;58.00878155872668;2.1877058177826565;12970.098792535677;2.9934138309549945;71.89644728613487;26.825092638353908;168223462.68813542;62.35482378681663;13.812294182217343
256;264;24.6;59.3;14.0;59.37719656722518;38.0;28.71856756756757;54.42432432432432;1.2009009009009008;11950.63063063063;1.8432432432432435;67.4375720247979;27.74980054135522;142817572.46976706;83.44569086942909;12.799099099099099
257;265;26.0;54.5;14.0;76.07029015120557;40.0;32.11295454545454;45.15151515151515;1.2831439393939394;12783.878787878788;1.7481060606060606;55.90268773969329;29.12108743405085;163427556.86317724;73.55459383969684;12.71685606060606
261;271;28.6;56.1;16.0;66.4977523498161;30.0;30.681741821397;58.4367816091954;0.6684350132625995;13527.059239610964;1.1927497789566754;72.4288567172113;27.745689001371428;182981331.67194435;59.41210172672992;15.331564986737401
262;272;28.0;60.6;13.0;63.35921536575398;37.0;30.241727688787183;60.78489702517162;0.580091533180778;14023.322654462245;1.0446224256292906;63.96880226842322;28.35241907801948;196653578.271154;62.56110098476575;12.419908466819223
263;273;27.6;63.5;15.0;56.61136085002043;36.0;29.409417475728155;66.54757281553398;1.720388349514563;15080.49708737864;2.6;66.79254797908828;28.09242525415073;227421392.4024357;55.80429648765673;13.279611650485437
264;274;26.9;70.9;15.0;52.68818961994279;39.0;28.88658181818182;69.8409090909091;0.9918181818181818;14432.523636363636;1.8627272727272728;75.6453550350362;26.899312275700684;208297738.51419505;53.10949782076069;14.008181818181818
265;275;26.5;75.5;12.0;55.76787903555374;38.0;28.82968220338984;70.34957627118644;0.5889830508474576;13668.966101694916;1.416313559322034;76.30566723003959;26.81147691737529;186840634.2892847;56.245803764510654;11.411016949152543
268;278;24.1;81.0;16.0;48.05884756845117;30.0;25.88603703703704;75.16111111111111;3.0675925925925926;13247.748148148148;4.013888888888889;82.55162776115482;25.3174499225062;175502830.9967627;54.17678641932622;12.932407407407407
269;279;23.6;82.1;16.0;34.288516550878626;25.0;26.13183856502242;71.28340807174888;2.716591928251121;14151.806278026908;3.62780269058296;77.51789508727455;25.935220933523603;200273620.9308018;53.20981765887343;13.283408071748878
270;280;23.8;76.7;15.0;28.81569268492031;28.0;27.386445454545456;63.18454545454546;1.5427272727272727;13866.981818181815;2.096363636363636;76.99863391539338;26.337856179541344;192293184.74578503;54.87423821986393;13.457272727272727
275;285;29.5;49.3;17.0;66.94891704127504;31.0;37.23190909090909;41.61272727272727;2.3227272727272728;15539.432727272728;2.8027272727272727;51.50062274184509;29.330248162596565;241473969.48543477;63.54038187253165;14.677272727272728
276;286;29.6;50.6;13.0;61.57417245606866;29.0;36.742354978354975;43.103896103896105;1.324675324675325;15324.772294372297;1.729004329004329;53.35555791807242;29.15652082918548;234848645.87436077;63.343846247221926;11.675324675324674
280;290;28.0;60.1;15.0;51.98201879852881;31.0;29.68490265486726;64.07699115044248;1.107079646017699;15128.31150442478;1.7123893805309736;65.9663107898104;28.16686036459689;228865808.9749112;56.11488208682507;13.892920353982301
283;293;26.8;75.4;13.0;45.09685328974254;33.0;29.17426185704743;71.04475617902472;1.5270541082164328;15083.03006012024;2.3226452905811623;77.20809575042628;26.8078761820026;227497795.79449075;49.06476053112802;11.472945891783567
285;295;26.6;79.0;15.0;47.39190845933797;35.0;29.1591348973607;71.43695014662757;2.060850439882698;14704.586510263927;3.219208211143695;77.71721147413726;26.74807791517277;216224864.43783587;50.50175567917598;12.939149560117302
286;296;26.6;78.2;16.0;50.0008173273396;41.0;28.94434042553192;71.7531914893617;2.0659574468085107;14012.35744680851;3.3170212765957445;78.12773140400131;26.64400360935148;196346161.2171299;53.46658554602028;13.934042553191489
287;297;24.1;76.2;14.0;49.78504290968533;28.0;25.96688202247191;69.562734082397;1.9616104868913853;13307.520599250936;2.669475655430712;75.28424986138305;26.133797585867264;177090104.499488;58.592102194407154;12.038389513108616
289;299;23.7;71.9;15.0;36.05394360441357;28.0;27.393574580759044;62.86054721977053;2.236540158870256;13440.211827007945;2.9832303618711387;77.02730242437508;26.33668928281241;180639293.95484424;56.84706383965133;12.763459841129745
293;303;29.1;40.6;15.0;66.18389865140989;29.0;36.51070281124498;35.38755020080321;1.1124497991967872;14038.329317269076;1.4799196787148594;43.75683163812104;30.197432783433104;197074690.0200964;75.5466009944848;13.887550200803213
296;306;30.0;46.1;14.0;72.89252145484267;27.0;33.188036363636364;48.67454545454545;1.1736363636363636;14232.785454545454;1.7081818181818182;60.285151146525216;28.596085775548755;202572181.79512063;63.96311205175776;12.826363636363636
300;310;27.0;63.2;16.0;48.05884756845117;29.0;29.134590459045903;66.1935193519352;0.9414941494149416;13531.866786678667;1.5886588658865886;68.15928744600328;27.78564225621706;183111418.73241723;62.14751307285599;15.058505850585059
301;311;26.4;71.8;14.0;46.41111565181856;28.0;28.91171581769437;68.42806076854335;1.303842716711349;13855.785522788205;2.0563002680965146;73.81130516289873;27.10663633009407;191982792.4535072;56.98527295669443;12.69615728328865
304;314;26.3;75.0;16.0;55.8267266040049;34.0;28.66376851851852;69.64814814814815;1.337962962962963;13877.525925925926;2.1685185185185185;75.39512776235074;26.865222643048444;192585725.82474625;55.86079161290614;14.662037037037036
312;322;23.7;80.9;16.0;45.704944830404585;31.0;26.283412844036697;70.38256880733945;4.395412844036697;13013.445871559634;5.212844036697248;76.34849557598093;26.104783003136586;169349773.45201248;59.2768503305385;11.604587155963303
313;323;23.8;76.0;16.0;42.11524315488353;29.0;26.97777477477477;65.70900900900901;4.24954954954955;13100.425225225224;5.002702702702703;78.44382356583291;26.067278066985462;171621141.08171737;57.517561958275294;11.750450450450451
321;331;28.6;52.0;15.0;72.8140580302411;24.0;30.66481851179673;53.133393829401086;0.5490018148820327;14057.045372050818;0.9056261343012704;65.83172275069478;28.13098926865735;197600524.5918953;61.200431435107554;14.450998185117967
326;336;26.2;74.0;19.0;56.1798120147119;43.0;28.511978609625668;71.07219251336899;2.2816399286987523;14344.213903743315;3.3279857397504458;77.24371146706017;26.621391146398757;205756472.51634303;52.48913151616479;16.718360071301248
327;337;26.0;78.0;20.0;56.70944013077238;39.0;28.44856888888889;71.42222222222222;1.9306666666666668;13498.567111111111;2.982222222222222;77.69809282746806;26.55426163578116;182211314.0531706;56.14148955757324;18.069333333333333
328;338;26.0;78.0;15.0;57.47445852063752;37.0;28.512046511627908;70.78418604651162;2.306046511627907;13240.424186046512;3.390697674418605;76.86984385837727;26.662259914924;175308832.62644544;57.88099645901831;12.693953488372093
332;342;25.3;75.3;13.0;69.40089906007357;33.0;27.014310661764707;70.57628676470588;1.4200367647058822;10238.514705882351;2.186580882352941;76.599965170639;26.278817369668083;104827183.38256916;65.51463728201992;11.579963235294118
353;363;25.9;80.3;14.0;61.1622394769105;34.0;28.33619946091644;73.3989218328841;1.9784366576819408;12642.11320754717;3.210242587601078;80.2640906142072;26.24291138273895;159823026.3524386;58.48031762756576;12.021563342318059
363;373;26.3;60.8;16.0;52.19779321618308;37.0;32.14142355008788;49.40421792618629;1.4701230228471005;13125.947275922672;1.944639718804921;61.19282511776186;28.55250260384235;172290491.89030182;68.5414149466051;14.529876977152899
369;379;29.4;48.9;12.0;52.393951777686965;22.0;31.2896256684492;52.49643493761141;0.3547237076648841;13788.135472370766;0.5900178253119429;65.03937957030163;28.18385997514949;190112679.80444905;62.96698528204546;11.645276292335115
375;385;26.4;81.4;13.0;41.46791990192072;23.0;28.849357798165137;75.08532110091743;1.528440366972477;14871.54495412844;2.106422018348624;82.45324306103905;26.145196475428957;221162849.32266307;46.66356815573885;11.471559633027523
377;387;26.3;85.2;14.0;44.54760931753167;21.0;29.02789620018536;76.55143651529194;1.567191844300278;14307.291936978683;2.4976830398517147;84.35644013159921;25.986470274219556;204698602.56993523;48.06708613550237;12.432808155699721
380;390;26.0;83.6;15.0;50.70698814875359;25.0;27.99712954333644;76.47903075489282;1.895619757688724;13381.308480894688;2.569431500465983;84.26244860151078;25.7125545511568;179059416.66086408;52.448512193217226;13.104380242311276
385;395;24.8;86.5;18.0;22.577850429096856;33.0;28.665244444444447;69.00888888888889;4.343111111111111;15119.800888888887;5.043555555555556;74.56529108126671;26.956300341295552;228608378.9196452;50.60025221444945;13.65688888888889
393;403;28.7;61.1;16.0;50.37351859419697;22.0;31.3942403628118;58.85600907029478;0.3526077097505669;14072.925170068029;0.6167800453514739;58.894222408973405;28.83727504633292;198047222.84233427;65.60747601953925;15.647392290249433
394;404;28.1;63.1;18.0;49.53003677973028;24.0;31.06096036585366;58.5030487804878;0.0823170731707317;13991.268292682927;0.2972560975609756;72.51128957423595;27.841233833204942;195755588.43783465;57.19281867225039;17.91768292682927
410;420;25.5;78.7;14.0;24.147118921127912;25.0;29.96846233230134;63.07327141382869;1.6831785345717234;14058.435500515996;1.9442724458204328;64.81961696047807;28.275235218381187;197639608.72216845;61.84769468251286;12.316821465428276
423;433;26.4;77.6;14.0;35.916632611360846;27.0;27.66823834196891;77.62487046632124;2.304663212435233;11655.162694300518;3.401036269430052;85.74988864936846;25.45935546546216;135842817.4306145;79.33211816988148;11.695336787564766
446;456;26.2;76.3;21.0;61.59378831221904;36.0;27.373862857142857;75.45485714285714;7.982857142857143;10349.366857142855;9.825142857142858;82.9329460268428;25.68598397420968;107109394.34372698;66.2479031558961;13.017142857142858
448;458;26.0;76.5;18.0;61.08377605230896;45.0;27.348544378698225;73.03076923076924;6.163313609467456;9280.492307692308;8.002366863905326;79.78618352245002;26.022829575520827;86127537.4731361;59.0459700720061;11.836686390532545
461;471;28.58333333333333;64.58333333333333;21.0;21.515;43.0;37.54780898876405;54.38202247191011;6.269662921348314;20867.14606741573;7.477528089887641;67.38495075722408;27.61117054540147;435437784.9988638;27.906102533552072;14.730337078651687
462;472;29.7;56.91666666666666;17.0;24.425;40.0;36.97924219910847;46.10401188707281;4.855126300148588;20913.759286775632;5.768202080237741;57.08754331278269;28.74427782342342;437385327.505194;28.313720343525347;12.144873699851413
468;478;28.83333333333333;63.73333333333333;17.0;22.03333333333333;34.0;29.45236349453978;53.9789391575663;4.9609984399375975;20410.99531981279;6.271450858034322;66.88353642834451;28.080466499151257;416608729.94541967;25.06037281914975;12.039001560062403
472;482;27.21666666666667;76.53333333333333;19.0;11.968333333333334;39.0;27.712146892655365;61.83212267958031;6.063761097659403;20257.45924132365;7.716707021791768;75.71992297856849;26.567369384356837;410364654.9138889;24.569135873715616;12.936238902340598
487;497;26.9;78.0;26.0;19.736666666666668;46.0;27.43611111111111;63.28888888888889;9.045238095238096;19544.101587301582;10.33095238095238;76.74387464262446;26.379385020231503;381971906.8547642;25.369298963637878;16.954761904761902
498;508;27.1;76.63333333333334;25.0;18.856666666666666;47.0;29.4853651266766;56.40387481371088;9.365871833084949;20130.25335320417;10.62816691505216;69.90002815929405;27.69215266119402;405227100.06418777;24.34015456779174;15.634128166915051
516;526;26.08333333333333;77.55;21.0;34.961666666666666;24.0;26.742701812191104;61.81713344316309;6.941515650741351;19038.484349258648;7.700164744645799;80.30358678302295;25.79926366306952;362463886.3169665;29.008664374356805;14.058484349258649
556;566;27.45;78.11666666666667;19.0;12.528333333333334;48.0;27.96759410801964;61.46644844517185;6.986088379705401;20230.468085106382;7.872340425531915;74.5832705336401;26.761991488063213;409271838.9425079;24.50706644439891;12.0139116202946
624;634;27.3;78.0;18.0;19.386666666666667;37.0;27.873472340425533;62.306382978723406;4.371914893617022;19372.88170212766;5.483404255319149;74.86636183013047;26.705110306599625;375308545.4446327;26.316317510498024;13.62808510638298
626;636;27.08333333333333;77.23333333333333;19.0;20.73333333333333;36.0;27.601;61.54083333333333;3.61;19240.77333333333;4.704166666666667;76.3011691518698;26.47321690632966;370207358.464711;27.246756425337704;15.39
629;639;26.98333333333333;78.05;18.0;30.27;33.0;27.532603201347936;63.60067396798652;6.567818028643639;18661.647851727044;7.875315922493682;76.22793020948251;26.462362033428278;348257100.5418686;33.37868738835357;11.43218197135636
643;653;28.33333333333333;68.43333333333334;23.0;27.313333333333333;43.0;29.02375892149088;54.51784298176051;11.55908009516257;19436.815226011106;12.875495638382237;67.55390428958644;27.82123188293582;377789786.1300972;25.92850989495248;11.44091990483743
646;656;27.2;78.05;25.0;15.736666666666666;50.0;27.71522462562396;61.13227953410982;11.972545757071549;19559.134775374376;13.550748752079867;75.8400677909097;26.555090493640456;382559753.1612592;25.300107229113163;13.027454242928451
658;668;26.85;69.76666666666667;22.0;23.03;53.0;29.211131770412287;50.37510105092967;9.095392077607114;20325.936944219888;10.248181083265964;62.40055238676626;28.57344251462092;413143712.6604029;24.759195821551227;12.904607922392886
659;669;27.71666666666667;63.06666666666666;21.0;25.508333333333336;50.0;30.149188767550704;46.89547581903276;8.506240249609984;20456.2496099844;9.456318252730108;58.07208259325903;28.98932064672115;418458148.1059869;25.25000603338017;12.493759750390016
680;690;28.21666666666667;65.03333333333333;18.0;22.655;44.0;31.147402390438245;46.19442231075697;6.143426294820717;20574.10039840637;7.105179282868526;57.20000909914031;29.03157165674718;423293607.2037051;25.839662561298532;11.856573705179283
682;692;29.883333333333336;51.3;17.0;29.616666666666664;32.0;31.998411949685536;40.264150943396224;5.047955974842767;20265.66037735849;5.918238993710692;49.82306509792431;29.778726376343045;410696990.5304379;24.58943403605597;11.952044025157232
689;699;27.616666666666664;71.55;21.0;20.49833333333333;40.0;28.15510603588908;57.32952691680261;6.790375203915171;19382.3295269168;7.869494290375204;71.0514904290813;27.199583424890392;375674697.88999087;26.256442984742502;14.209624796084828
706;716;30.133333333333336;55.583333333333336;20.0;29.661666666666665;45.0;32.2655701754386;41.90716374269006;7.560672514619883;20568.91228070176;8.448099415204679;51.86688614132218;29.545907397213156;423080152.4112036;25.81079067757305;12.439327485380117
711;721;29.3;61.63333333333333;22.0;27.043333333333333;40.0;30.321465163934427;49.41290983606557;7.609631147540983;19616.45901639344;8.772540983606557;61.20363739404251;28.644762657716598;384805464.3418436;25.056942306162497;14.390368852459016
717;727;27.016666666666666;78.05;23.0;17.421666666666667;40.0;27.59462603878116;61.59279778393352;8.104339796860572;19462.41181902124;9.268698060941828;76.32128634787489;26.46926151217029;378785473.8131777;25.784669408583984;14.895660203139428
79;79;24.8;84.4;8.0;37.21127911728647;29.0;26.865447427293063;77.13870246085011;5.41834451901566;15486.389261744966;6.501118568232662;85.11878313424945;25.30698026270096;239828252.36628976;42.072901784888906;2.58165548098434
119;119;25.6;80.9;12.0;28.560686554965265;42.0;27.56878132118451;74.53872437357631;14.77107061503417;16997.57630979499;16.55239179954442;81.74369367628123;25.869665358595828;288917600.40730387;37.201652380745344;-2.7710706150341693
122;122;24.5;85.0;12.0;31.87576624438088;40.0;27.115392609699768;75.68475750577367;8.290993071593533;16555.9168591224;9.620092378752886;83.23138480794664;25.58211448975688;274098383.04617333;38.301526648341;3.709006928406467
123;123;24.3;85.6;13.0;40.3302002451982;33.0;27.040585585585585;75.97972972972973;9.52027027027027;16291.477477477478;10.98198198198198;83.61429482105041;25.519651910048324;265412238.3991559;39.28808915929572;3.47972972972973
124;124;24.2;86.2;10.0;43.19411524315489;35.0;26.69469055374593;76.87947882736157;10.525515743756786;16200.390879478828;12.11400651465798;84.78227916257146;25.296669633704685;262452664.6479008;38.95867026665841;-0.5255157437567863
134;134;28.3;64.2;8.0;75.56027789129547;30.0;30.758067039106148;62.27932960893855;5.665921787709498;14692.111731843575;6.82122905027933;61.24140892179344;28.61830245739079;215858147.1409756;61.202182518054585;2.3340782122905024
141;141;26.2;81.4;8.0;78.012259910094;30.0;28.59733778625954;74.31583969465649;8.077290076335878;13929.190839694656;9.529580152671755;81.45436211081649;26.18485491136485;194022357.44863352;51.70587644427644;-0.0772900763358777
143;143;25.9;82.7;11.0;86.07437678790357;36.0;28.12768085106383;75.2404255319149;8.715957446808511;13792.289361702127;10.324468085106384;82.65458757717403;25.924228320146888;190227245.8369217;51.56940799013449;2.2840425531914885
144;144;25.7;82.8;15.0;86.44707805476094;33.0;27.723921161825725;76.81120331950207;13.203319502074688;14731.751037344398;15.297717842323651;84.6936492052876;25.590115708801022;217024488.6262977;45.86871193838261;1.796680497925312
150;150;27.3;69.1;13.0;78.63996730690643;38.0;33.120611169652264;55.57744994731296;12.36354056902002;14706.377239199155;13.620653319283456;68.87199932503464;28.80672717701468;216277531.50163496;56.20678968287729;0.6364594309799791
151;151;28.0;64.5;11.0;80.1896199427871;36.0;34.82827209533267;50.06752730883813;12.519364448857994;14889.390268123138;13.62462760675273;62.01794691543122;28.32612932463059;221693942.55648;59.78007548395573;-1.5193644488579938
152;152;28.5;59.9;15.0;87.89865140988967;37.0;35.249710982658954;50.47976878612717;12.892100192678228;15253.333333333334;14.108863198458574;62.530753514751005;28.24952182089489;232664177.7777778;57.75065028128194;2.107899807321772
154;154;28.6;63.6;11.0;77.56109521863507;28.0;35.778041338582675;49.25;8.846456692913385;15333.11811023622;9.818897637795276;61.00098617229279;28.386399485691616;235104510.982454;58.36649095770736;2.153543307086615
168;168;25.9;80.7;11.0;81.81773600326932;30.0;28.198974130240856;73.07225691347011;9.345227475468333;11373.516503122211;10.987511150758252;79.84003960731651;26.25141119101177;129356877.64679328;76.25463175975099;1.6547725245316673
169;169;25.9;79.1;12.0;79.40498569677156;29.0;27.49420957542909;76.19963866305329;9.62691960252936;12022.20054200542;11.22312556458898;83.89976350488521;25.61352616780818;144533305.8721954;83.92328080632478;2.3730803974706394
170;170;25.4;82.6;15.0;70.63669799754803;36.0;27.264573283859;76.85992578849722;11.74860853432282;12888.890538033394;13.161410018552877;84.75689692736519;25.45656141567684;166123499.30140677;54.42679524055424;3.2513914656771803
171;171;25.0;84.0;15.0;60.024519820188;32.0;28.225157515751576;72.34743474347435;12.03960396039604;13657.807380738072;13.458145814581458;78.89913180627444;26.361436821039835;186535702.44934332;54.6226741601518;2.9603960396039604
172;172;25.4;79.7;12.0;54.02206783816919;39.0;30.04441605839416;62.62043795620438;10.47536496350365;12452.29197080292;11.458941605839415;64.54787335859393;28.30046846551211;155059575.32612288;90.2302960531614;1.5246350364963508
173;173;26.7;67.7;13.0;70.69554556599918;;31.90625339366516;53.19276018099548;10.076923076923077;12048.984615384616;10.856108597285068;65.90557135291537;28.059349072741927;145178030.26177517;84.74701458191407;2.9230769230769234
174;174;27.5;57.8;9.0;80.85655905190029;;34.46524314765694;46.0919540229885;8.82316534040672;13792.523430592397;9.537577365163571;57.0725439674553;28.874930362012027;190233702.58344027;68.09253046076792;0.17683465959328082
175;175;28.3;53.0;11.0;84.21087045361668;;36.654900900900905;44.84864864864865;9.501801801801802;14987.603603603604;10.291891891891892;55.52593782504569;28.92833663034462;224628261.77875173;63.51518883379677;1.4981981981981978
176;176;28.8;56.5;9.0;80.20923579893748;;36.01233670653174;46.77828886844526;10.656853725850969;14903.889604415825;11.551977920883164;57.92630822331785;28.703990565869237;222125925.34061408;62.35533341830081;-1.6568537258509686
177;177;28.6;58.6;11.0;80.30731507968942;;36.21070661896243;46.8613595706619;10.23345259391771;15064.858676207514;11.011627906976743;58.029643784278285;28.682730183042608;226949966.9341048;61.53749108236976;0.7665474060822905
182;183;26.8;72.4;11.0;68.77319166326114;;29.363797909407666;68.89547038327527;10.78397212543554;13363.567944250872;12.21602787456446;74.41805999323995;27.16498066360164;178584948.20060948;58.89007892441922;0.21602787456446038
183;185;26.6;77.8;15.0;71.87249693502248;;29.17596385542169;69.12650602409639;13.518072289156626;14761.5421686747;15.042168674698797;74.71797250387496;27.080424771605887;217903127.19756132;52.17329498726908;1.4819277108433742
185;187;26.6;75.8;18.0;82.07274213322437;;29.02469124423964;70.4221198156682;19.331797235023043;14012.519815668204;21.44884792626728;76.39983762071421;26.854952136029635;196350711.58449405;54.58192670415865;-1.3317972350230427
186;188;26.5;76.9;24.0;89.91908459337967;;28.531746641074854;70.40786948176583;20.50095969289828;12851.685220729369;22.74760076775432;76.38133894491313;26.72106701151542;165165813.01271367;60.01042415461352;3.499040307101719
187;189;26.3;75.1;19.0;95.86268900694728;;28.17689338235294;69.86948529411765;18.229779411764707;12297.441176470587;20.176470588235293;75.68245044082829;26.69959580705384;151227059.4887543;87.79032428333656;0.7702205882352935
188;190;26.0;74.2;21.0;94.76420106252554;;27.67804672897196;71.20560747663552;19.5392523364486;14047.147663551405;21.48411214953271;77.41690040209778;26.37255033313961;197322357.4816177;53.76339878049665;1.4607476635513983
189;191;25.3;77.3;22.0;78.1691867592971;;27.05112932604736;73.43442622950819;21.87887067395264;14723.584699453551;24.326047358834245;80.3101796621665;25.8835777228362;216783946.40198272;48.738232112421336;0.1211293260473596
191;193;24.4;80.4;17.0;70.44053943604413;;26.17955182072829;73.937441643324;19.58823529411765;13930.771241830063;21.765639589169;80.96315517325836;25.571934779637083;194066387.39219952;52.015787556952304;-2.5882352941176485
192;194;24.0;79.8;22.0;65.81119738455251;;26.522627345844505;69.11349419124218;19.430741733690795;13742.8418230563;21.41554959785523;74.70108155386656;26.35073724625191;188865701.3735454;56.93754399608635;2.5692582663092054
196;198;26.9;54.2;14.0;86.03514507560277;;34.14303587856486;41.95860165593376;13.83808647654094;13429.460901563938;14.65317387304508;51.930872185472985;29.44267679663735;180350420.1066345;73.10777084311975;0.1619135234590594
197;199;27.9;47.3;17.0;94.21495709031468;;35.607528301886795;37.02264150943396;15.922641509433962;13354.91320754717;16.579245283018867;45.79079876600514;30.02574381758156;178353706.78111783;77.42167532242748;1.0773584905660378
199;201;29.9;39.3;14.0;110.96689824274624;;38.07106442577031;34.564892623716155;16.096171802054155;15161.366946778711;16.786181139122316;42.73348911255832;30.22704515255226;229867047.694874;70.96742395769395;-2.0961718020541547
200;202;30.5;40.0;16.0;115.96894156109522;;34.62855752212389;40.12566371681416;15.2858407079646;14618.67610619469;16.024778761061945;49.6507943109579;29.662188085350447;213705691.0978276;69.0315671812031;0.7141592920354007
201;203;30.2;41.7;17.0;110.65304454434;;32.687978533094814;42.26923076923077;14.01788908765653;13573.12343470483;14.73076923076923;52.31727837702628;29.47594119511396;184229679.77373344;72.18783835332378;2.9821109123434706
202;204;29.5;41.3;19.0;103.17940335104213;;31.86238260869565;43.2408695652174;15.869565217391305;13537.377391304348;16.942608695652172;53.52594566109903;29.388745475105065;183260586.6345981;71.57391759229442;3.1304347826086953
203;205;29.0;42.1;11.0;100.6881896199428;;30.72468500443656;51.07364685004436;14.585625554569654;13939.67701863354;15.732919254658386;63.26950642329075;28.40259595225969;194314595.3838201;63.40309463012655;-3.5856255545696545
204;206;27.9;52.0;15.0;92.21413976297508;;29.74499105545617;60.12969588550984;13.141323792486585;13952.0;14.415026833631485;66.4420563133921;28.11277421488169;194658304.0;61.296348798550966;1.8586762075134153
205;207;27.0;64.1;14.0;81.28810788720882;;29.32642857142857;63.0;12.607142857142858;13886.857142857143;13.392857142857142;67.86742789724332;27.870422185475515;192844801.30612245;60.67962010780685;1.3928571428571423
206;209;26.0;75.7;10.0;90.46832856559053;;27.826050338818977;69.1839303000968;10.26815101645692;12873.463697967089;11.72216844143272;74.7925162354199;26.700104535061115;165726067.58287647;60.93507258654128;-0.26815101645692074
207;210;25.3;74.9;12.0;84.72088271352676;;26.72788043478261;72.98550724637681;12.326086956521738;12816.463768115942;13.935688405797102;79.72742793250202;25.85813044094812;164261743.5194287;58.01343037270557;-0.32608695652173836
208;211;24.4;79.5;15.0;76.9922353902738;;25.983528880866427;73.9341155234657;12.316787003610107;12916.895306859204;13.96841155234657;80.95883746299587;25.518362416127456;166846184.36836132;56.74940403814095;2.6832129963898925
210;213;23.3;74.4;11.0;72.73559460563956;;24.782152255639097;70.00751879699249;10.75845864661654;12700.496240601504;12.088345864661656;75.86163480498874;25.74407687767524;161302604.75753292;61.05157682898193;0.24154135338345917
211;214;22.7;73.9;14.0;67.40008173273397;;25.091495844875347;67.62788550323177;11.225300092336104;13052.49861495845;12.529085872576175;72.77257983067418;26.166884525663622;170367720.09349224;61.40441904271912;2.774699907663896
212;215;22.9;71.0;13.0;61.39762975071517;;26.252969752520624;63.09715857011916;9.937671860678275;12005.455545371218;10.971585701191568;82.37130117998504;25.43831750403069;144130962.85188454;83.74859336584942;3.0623281393217248
215;220;29.0;34.2;11.0;105.21945239068248;;36.76;32.847566574839306;8.104683195592287;13711.147842056933;8.612488521579431;40.5972263162013;30.52335836226028;187995575.1467425;79.11414086908944;2.895316804407713
232;238;22.7;70.3;5.0;58.25909276665304;;25.10471726190476;65.8735119047619;1.1651785714285714;13180.833333333334;1.875;87.26265294617805;24.5872949921326;173734367.36111113;51.44602292529426;3.834821428571429
359;369;24.4;76.8;7.0;52.55087862689008;26.0;25.922954128440367;73.01467889908257;3.4642201834862387;13209.585321100918;4.517431192660551;79.7652963045474;25.6320721397048;174493144.35544485;56.15463292000477;3.5357798165137613
383;393;25.0;85.9;6.0;37.36820596648958;27.0;26.8386165273909;79.93871866295265;5.272051996285979;14653.147632311977;6.195914577530177;88.7535465240308;24.90243627826622;214714735.5343301;43.61307151228859;0.7279480037140207
384;394;24.6;88.6;10.0;26.30486309767062;25.0;27.334936479128856;77.89201451905626;6.514519056261343;15277.647912885664;7.715063520871143;86.0966742936622;25.32957213016648;233406525.7500997;42.41525645317235;3.485480943738657
409;419;25.3;81.9;6.0;24.441356763383737;28.0;28.83725947521866;69.86880466472303;3.0991253644314867;14742.204081632652;3.4810495626822155;75.68156690065315;26.881757321369424;217332581.1845064;51.64111334804507;2.9008746355685133
413;423;27.4;64.7;7.0;41.87985288107888;22.0;33.13530973451327;54.17809734513274;3.2964601769911503;14923.309734513274;3.59070796460177;67.13127868262775;27.864860492386978;222705173.43221864;56.31894906307969;3.7035398230088497
451;461;25.9;67.5;9.0;75.8152840212505;33.0;26.61390146471372;68.34221038615179;7.857523302263648;3380.005326231691;9.509986684420772;73.69986086958313;26.485298583884127;11424436.0053546;75.4671051557106;1.1424766977363516
452;462;25.7;66.3;9.0;83.38700449530037;40.0;26.030981308411217;71.13901869158879;10.4357476635514;4313.757009345794;12.75233644859813;77.33046001726139;25.927894069572048;18608499.53567997;66.42825922600136;-1.4357476635513997
453;463;25.0;70.3;16.0;78.69881487535757;31.0;24.932894088669947;74.04310344827586;12.594827586206897;4795.231527093596;14.38423645320197;81.10031711541029;25.213240603608487;22994245.39843238;62.65294961316573;3.405172413793103
454;464;24.0;74.1;11.0;67.12545974662852;31.0;24.294641975308643;69.9074074074074;9.439506172839506;4609.382716049383;10.675308641975308;75.7316779806351;25.623868309549277;21246409.023014788;64.13867414307917;1.560493827160494
455;465;23.3;68.4;9.0;62.57458111973845;25.0;23.70981554677207;69.12252964426878;9.944664031620553;6786.213438735178;11.21080368906456;74.71281067666467;25.57395476340064;46052692.83606993;54.38559936125938;-0.9446640316205528
456;466;22.7;67.4;10.0;54.90478136493666;24.0;24.246666666666663;68.15849056603774;11.920754716981133;9931.189937106918;13.150943396226417;73.46137007955616;25.858702938857896;98628533.5668937;63.27538256993702;-1.9207547169811328
457;467;23.1;66.9;9.0;41.54638332652228;32.0;25.6762125;63.3375;12.5125;7756.58;13.97375;85.05031441158087;24.98658563817073;60164533.2964;53.94566551695297;-3.5124999999999993
458;468;24.4;60.8;10.0;49.35349407437679;40.0;27.739559363525093;55.77233782129743;10.71236230110159;7878.423500611995;11.696450428396572;69.11442953502674;27.296665789041818;62069556.85499536;54.5308051313427;-0.7123623011015905
460;470;27.5;44.6;9.0;74.16755210461791;32.0;30.768819444444446;46.263888888888886;5.881944444444445;7646.777777777777;6.569444444444445;57.28642184909568;29.0417406805236;58473210.382716045;54.571824260186986;3.1180555555555554
482;492;28.3;69.5;11.0;24.13833333333333;42.0;28.9536231884058;58.05644546147979;8.795575896262395;19833.59267734554;10.179252479023646;71.9557386607968;27.32093583508431;393371398.4908546;24.43293472925972;2.2044241037376047
492;502;26.33333333333333;78.48333333333333;11.0;36.025;34.0;26.962953846153844;63.51769230769231;7.6292307692307695;19360.701538461537;8.707692307692307;78.93558232561185;26.00946065483757;374836764.0613869;26.394821048541186;3.3707692307692305
495;505;26.133333333333336;79.43333333333334;11.0;17.531666666666666;35.0;26.62562068965517;63.02931034482759;7.980172413793103;19664.951724137933;8.98448275862069;80.62352509378431;25.732026486164216;386710326.3126755;24.876818112861557;3.0198275862068966
500;510;28.3;71.4;11.0;27.07;49.0;30.22227692307692;53.48538461538462;9.304615384615383;20114.695384615385;10.601538461538462;66.26958067595532;28.106765011288303;404600970.41586745;24.323220430799985;1.6953846153846168
509;519;26.899999999999995;77.06666666666668;13.0;13.081666666666663;50.0;27.50718700475436;61.61331220285261;10.32012678288431;19738.586370839937;11.524564183835182;76.73050132760366;26.40044207802436;389611791.91910815;24.648131322143485;2.6798732171156896
511;521;26.78333333333333;77.95;13.0;21.88833333333333;36.0;27.27881781376518;62.6;9.169230769230769;19305.1983805668;10.182186234817811;77.61968937264541;26.24032427225598;372690684.5130389;26.771275341543216;3.8307692307692314
531;541;28.066666666666663;65.98333333333333;9.0;17.67833333333333;39.0;28.52721324717286;55.046042003231015;7.4378029079159935;19712.116316639745;8.4281098546042;68.21095594228663;27.61254100319899;388567529.6807349;24.724116149309328;1.5621970920840065
533;543;27.15;76.88333333333334;9.0;12.64;48.0;27.67361201298701;60.88798701298701;7.733766233766234;19850.636363636364;8.671266233766234;76.08370893131317;26.516996707079706;394047764.0413224;24.4038489063737;1.266233766233766
543;553;26.05;80.46666666666667;14.0;19.296666666666667;33.0;26.63487972508591;63.02233676975945;16.39003436426117;19642.254295532646;17.710481099656356;80.58111680069925;25.739212905368987;385818153.8103707;24.958208335726493;-2.3900343642611688
544;554;26.566666666666663;78.41666666666667;16.0;12.856666666666667;49.0;28.3798024691358;59.05432098765432;14.705349794238684;20205.62962962963;16.150617283950616;73.09974526161085;27.03773363084162;408267468.7297669;24.456364505947537;1.2946502057613163
545;555;27.74;72.32000000000001;17.0;20.412;59.0;30.31861513687601;52.44444444444444;13.297101449275363;20344.45088566828;14.34621578099839;64.9747061459455;28.24063556880005;413896681.8393689;24.818609380905475;3.702898550724637
548;558;29.44;62.67999999999999;12.0;32.414;45.0;31.57404451266309;46.55640828856485;11.709132770529548;20356.236377590176;12.609363008442056;57.65030051450645;28.96139894220095;414376359.4603256;24.858210494545705;0.29086722947045196
550;560;30.633333333333336;56.28333333333333;12.0;30.861666666666665;38.0;32.92563358778626;42.0969465648855;9.61526717557252;20627.407633587787;10.359541984732823;52.10296593683272;29.486717404000643;425489945.6821957;26.151860722524603;2.3847328244274806
555;565;28.116666666666664;72.26666666666667;10.0;15.306666666666668;38.0;28.518941368078178;58.726384364820845;6.837133550488599;19973.57654723127;7.723941368078176;72.78910723164898;27.11003602463104;398943760.0881071;24.279830207293244;3.1628664495114007
557;567;27.316666666666663;79.2;13.0;10.826666666666668;42.0;27.828490259740256;62.18993506493506;9.167207792207792;20077.51948051948;10.270292207792208;75.10132003198228;26.66703627469574;403106788.4906392;24.29252824284908;3.832792207792208
560;570;27.05;82.63333333333333;17.0;20.55;40.0;27.59218901453957;64.53634894991923;13.496768982229405;19582.00969305331;14.62843295638126;75.7663036078417;26.52922892062333;383455103.6188338;25.199145584594472;3.503231017770595
561;571;26.916666666666668;82.10000000000001;16.0;26.118333333333336;37.0;27.54061224489796;64.2465306122449;13.742040816326533;19367.84979591837;15.139591836734692;76.06578856611614;26.48228629947895;375113605.7172552;26.348569835381504;2.257959183673467
562;572;26.8;81.68;16.0;32.802;35.0;27.35166256763404;64.21200196753566;13.657156910969013;18978.22725036892;15.103295622233151;76.96525040800233;26.331914025632603;360173109.56664544;29.612353751242768;2.3428430890309873
565;575;26.46666666666667;80.5;15.0;37.53833333333333;37.0;27.05760017809439;64.71816562778272;14.625111308993766;18821.285841495992;16.056099732858414;78.25732782259409;26.109663337568115;354240800.7272975;31.35459516527001;0.3748886910062339
570;580;28.266666666666666;68.46666666666667;15.0;31.06;41.0;30.71926981300089;50.14203027604631;12.233303650934996;20035.21282279608;13.325912733748886;62.110624667084224;28.52711059217492;401409752.8547324;24.274361777450007;2.766696349065004
576;586;29.6;63.79999999999999;12.0;30.28;33.0;31.76615034168565;45.970387243735765;10.77828397873956;20494.444950645408;11.707668944570994;56.92132132225032;29.029687507859915;420022273.835035;25.425947537402223;1.2217160212604394
581;591;27.33333333333333;77.45;14.0;21.861666666666665;37.0;27.69509433962264;60.13207547169812;10.547169811320757;20044.377358490565;11.358490566037736;76.12767975516948;26.518115049112893;401777063.6895692;24.27678302325736;3.4528301886792434
582;592;27.23333333333333;78.33333333333333;15.0;21.243333333333336;38.0;27.77781512605042;60.66050420168067;11.228571428571428;19822.884033613445;12.216806722689077;75.63511295128518;26.59474095186548;392946731.41008687;24.452690906500244;3.7714285714285722
585;595;27.0;76.98333333333333;14.0;28.805;38.0;27.53557514693535;60.25944584382872;11.53568429890848;19258.975650713684;12.60369437447523;76.8569198656327;26.39445585683917;370908143.1147826;27.108222574490583;2.46431570109152
586;596;26.7;78.62;12.0;34.574;41.0;27.3112;61.58857142857143;11.475102040816326;19279.89551020408;12.457142857142856;77.66133192409629;26.244702134286392;371714370.8843875;26.953085707008395;0.524897959183674
588;598;26.433333333333334;79.25;15.0;40.555;37.0;27.06344709897611;61.96245733788396;11.96160409556314;19217.31058020478;12.878839590443686;78.7600471655179;26.05634652486833;369305025.9360505;27.43019919516784;3.038395904436859
590;600;26.5;75.31666666666666;13.0;41.89833333333333;33.0;27.067564102564106;59.75897435897436;12.45897435897436;19271.480341880346;13.465811965811966;79.1646626928744;26.013271925493445;371389954.5674806;27.01496612857608;0.5410256410256409
591;601;26.383333333333336;74.64999999999999;15.0;31.765;32.0;26.99004230118443;59.058375634517766;13.01015228426396;19372.19627749577;14.111675126903553;79.66579827840319;25.937143144755694;375281988.6138209;26.320695933301952;1.9898477157360404
594;604;28.266666666666666;62.41666666666666;14.0;36.626666666666665;38.0;29.97029647435897;47.50560897435897;13.681089743589745;19950.653846153848;14.52323717948718;58.83105597597791;28.917138330098314;398028588.8890533;24.29152580703024;0.3189102564102555
596;606;28.4;65.1;16.0;37.79;32.0;31.327157726180943;46.59407526020816;13.383506805444355;20314.41473178543;14.180944755804644;57.69715623548363;28.96904861972392;412675445.8949809;24.72394470458143;2.6164931945556447
597;607;29.65;56.31666666666666;15.0;40.425;33.0;32.02473561430793;41.01010886469673;13.69751166407465;20436.05598755832;14.456454121306376;50.75099730739863;29.677897194876124;417632384.3266183;25.16286427254996;1.30248833592535
598;608;30.0;52.25;16.0;41.54;40.0;32.299111282843896;40.11978361669242;14.268933539412672;20369.44667697064;14.91112828438949;49.6434797773333;29.782543614256884;414914357.9259503;24.90424513182013;1.7310664605873285
599;609;29.55;58.46666666666667;14.0;38.81666666666667;38.0;31.503325471698115;42.818396226415096;14.46305031446541;20173.55974842768;15.294811320754716;53.0004111670952;29.46351537961677;406972512.9233815;24.39999852127417;-0.46305031446540923
600;610;29.2;61.0;15.0;37.645;37.0;31.655269461077847;43.145209580838326;13.542664670658684;20165.449101796406;14.4124251497006;53.40694969882223;29.412133508127862;406645337.4771415;24.387367711118685;1.4573353293413156
601;611;29.116666666666664;62.1;15.0;35.035;40.0;30.10306386418755;48.18674211802749;13.161681487469684;19856.983023443816;13.894907033144705;59.67834958987051;28.819490124956936;394299774.7933359;24.39375802013282;1.838318512530316
606;616;27.08333333333333;73.43333333333334;14.0;21.065;39.0;27.654787961696307;58.81121751025992;13.781121751025992;19765.40629274966;14.723666210670316;76.57233800824918;26.458417581423884;390671285.91746783;24.578266413147905;0.21887824897400776
607;617;26.933333333333334;74.58333333333333;16.0;24.238333333333333;38.0;27.362637969094923;59.95143487858719;12.955849889624725;19691.99116997793;13.728476821192054;77.73335290644121;26.251014483850145;387774516.23848873;24.786561606962348;3.0441501103752753
608;618;26.78333333333333;76.05;14.0;23.936666666666667;41.0;27.32671381031614;59.30782029950083;15.509983361064892;19756.539101497503;16.544925124792012;78.02696632476284;26.209028880411708;390320837.26899976;24.600571609631498;-1.5099833610648918
610;620;26.56;77.1;16.0;34.842;38.0;27.18991071428572;61.95436507936508;12.949404761904765;19230.84126984127;13.93154761904762;78.16404426443577;26.15633424105388;369825255.9458301;27.323740062264925;3.0505952380952355
611;621;26.433333333333334;78.03333333333333;12.0;37.53833333333333;33.0;27.02821882951654;61.42493638676845;12.753180661577607;19323.345207803224;13.683630195080577;79.02995426022342;26.01714301389402;373391670.0199319;26.64481403881374;-0.7531806615776073
618;628;26.933333333333334;77.5;11.0;19.53;38.0;29.639266770670822;54.471138845553824;11.914196567862714;20021.678627145087;12.810452418096723;67.49580681375791;27.99727723001676;400867615.0486784;24.272317413319215;-0.9141965678627137
654;664;26.25;76.13333333333334;14.0;43.865;37.0;26.327660668380464;62.08311910882605;10.656383890317052;18935.417309340188;12.07540702656384;82.21353086737817;25.476148542184145;358550028.67886;30.063241530254267;3.343616109682948
655;665;25.03333333333333;84.58333333333333;13.0;38.54166666666666;41.0;25.231177924217462;65.93822075782538;10.245469522240526;19094.233937397035;11.71828665568369;86.65265313672089;24.688811244028404;364589769.6560447;28.48237121092392;2.7545304777594737
657;667;25.616666666666664;76.53333333333335;14.0;17.416666666666668;37.0;27.52381546134664;58.37531172069826;11.960099750623442;19809.85536159601;13.22069825436409;72.35239142631413;26.88339378778397;392430369.4473543;24.47826884644173;2.039900249376558
660;670;28.2;59.8;10.0;29.61;39.0;31.71162162162162;42.66966966966967;8.068318318318319;20543.12312312312;9.034534534534536;52.81540319483896;29.47265703845012;422019907.6517959;25.671256110366706;1.931681681681681
663;673;28.9;58.583333333333336;10.0;29.52333333333333;42.0;29.77840366972477;45.58715596330275;6.772477064220183;19639.77981651376;7.623853211009174;56.44460187382366;29.18282551553216;385720951.2411413;24.967391998593712;3.2275229357798167
701;711;26.183333333333334;78.3;11.0;19.541666666666668;34.0;26.70338724168913;61.6199460916442;7.226415094339623;19636.240790655884;8.44743935309973;80.52730374012968;25.76398043793568;385581952.388618;24.98063265296829;3.7735849056603774
707;717;30.6;51.81666666666666;11.0;30.74;38.0;32.74058510638298;38.87613981762918;7.367781155015198;20725.09422492401;8.315349544072948;48.09645265246294;29.92572997513503;429529530.6319786;26.797494355972876;3.632218844984802
718;728;26.899999999999995;77.83333333333333;11.0;21.975;39.0;27.5123730378578;62.35734072022161;8.059095106186518;19178.267774699907;9.213296398891966;76.56280528338041;26.42019492410461;367805954.8380929;27.74761863333996;2.9409048938134816
