;Unnamed: 0;Temp_est;UR_est;MP2,5_est;O3_est;MP10_est;Temp_moqa;UR_moqa;MP2,5_moqa;O3_moqa;MP10_moqa;UR_model;Temp_model;O3_moqa_sqrd;O3_model;dif_between_mp25
14;14;26.3;81.2;12.0;50.6677564364528;31.0;29.33546498277841;71.11481056257176;0.5970149253731343;17949.373134328358;1.2629161882893227;77.29903490585663;26.84238406098901;322179995.91534865;45.50548949252487;11.402985074626866
27;27;29.2;51.5;13.0;64.18308132407029;26.0;36.76527167630058;43.134104046242776;0.5803468208092486;17542.547976878614;0.8450867052023121;53.39313500102176;29.15131609527535;307740989.52108794;54.70128143882289;12.419653179190751
31;31;28.7;57.8;13.0;59.65181855333061;20.0;31.00968421052632;59.80116959064328;0.0807017543859649;16365.174269005847;0.3555555555555555;60.529410272197794;28.681715901812325;267818928.85493103;53.85543813116385;12.919298245614035
34;34;26.9;76.4;15.0;45.391091131998365;29.0;29.22637220259128;71.85865724381625;1.1684334511189636;16443.118963486453;1.6878680800942285;78.26463884863654;26.70680166971233;270376161.2473678;42.03602203213956;13.831566548881037
37;37;26.5;83.7;13.0;50.86391499795668;31.0;28.92634062140392;75.04833141542002;1.228998849252014;15957.210586881472;2.148446490218642;82.40522592651513;26.17166739365546;254632569.71408212;41.6287797651079;11.771001150747987
38;38;26.4;83.3;13.0;50.78545157335513;29.0;28.7460718424102;74.5260718424102;1.0139049826187718;15556.449594438009;1.9084588644264195;81.72726914379598;26.19604259947581;242003123.98429048;43.936675901289455;11.986095017381228
46;46;23.8;85.5;13.0;33.601961585615044;19.0;27.444919168591223;72.10161662817552;0.9803695150115472;15544.018475750578;1.4861431870669746;78.58002983630644;26.18118886140598;241616510.3744753;46.027577440599096;12.019630484988452
54;54;26.9;75.7;14.0;56.27789129546384;30.0;29.08900921658986;71.69700460829493;0.956221198156682;15377.917050691243;1.6221198156682028;78.05479396237718;26.69185863599453;236480332.81794047;47.141885909490526;13.043778801843319
56;56;26.4;78.7;19.0;48.27462198610544;29.0;28.78849658314351;70.8997722095672;0.7972665148063781;15086.851936218678;1.3792710706150342;77.0198888308043;26.72208363077805;227613101.34538528;49.16849588057144;18.202733485193622
59;59;26.5;75.3;14.0;59.63220269718022;31.0;28.835676741130094;68.69382391590013;0.5466491458607096;13830.53876478318;1.3153745072273324;74.1562982231675;27.047977005064286;191283802.52417025;56.880234944233216;13.453350854139291
61;61;23.5;80.9;14.0;32.228851655087865;30.0;27.09551912568306;67.36976320582878;0.7030965391621129;14493.377049180328;1.147540983606557;72.43750552789616;26.75601130591331;210057978.28970703;54.89759773660789;13.296903460837887
63;63;25.9;63.2;15.0;51.25623212096445;31.0;32.37505154639175;49.040091638029786;0.5326460481099656;14505.731958762886;0.827033218785796;60.739871269496966;28.589068819465982;210416259.65947497;62.39580401032325;14.467353951890034
84;84;27.4;65.7;13.0;55.41479362484675;33.0;35.037250580046404;48.50232018561485;0.2842227378190255;15141.2343387471;0.7737819025522041;60.07091201887112;28.524132165991357;229256977.3008543;59.86259922375002;12.715777262180975
87;87;28.7;57.9;14.0;58.8475684511647;25.0;32.29372192513369;54.63636363636363;0.174331550802139;14676.483422459893;0.5989304812834224;67.7013377167997;27.846946954724007;215399165.64974004;57.10244235394767;13.825668449197861
88;88;28.5;59.1;12.0;57.23906824683285;27.0;30.69702265372168;57.82847896440129;0.0420711974110032;14186.02804746494;0.2416396979503775;71.67216039280096;27.83258119066853;201243391.76346195;56.82607270586582;11.957928802588997
93;93;26.7;76.7;18.0;39.310175725378016;37.0;28.976454445664103;70.3940724478595;0.2963776070252469;15808.68496158068;0.8090010976948409;76.36342870793213;26.845631263126595;249914520.2145072;46.2243917197529;17.703622392974754
94;94;26.5;76.3;12.0;39.54556599918268;32.0;29.04260821309656;69.40177580466148;0.2408435072142064;15867.329633740288;0.6570477247502775;75.07530633642915;27.004614697201536;251772149.7057727;46.78278805816648;11.759156492785793
100;100;25.0;85.6;16.0;33.54311401716388;30.0;27.278734030197448;77.13240418118467;2.9988385598141694;16015.200929152148;4.019744483159117;85.11060719714975;25.421817989010737;256486660.80111584;39.61070463656276;13.00116144018583
103;103;24.3;87.6;15.0;26.226399673069064;37.0;27.25477777777777;75.67111111111112;2.75;15907.128888888888;3.7311111111111113;83.2136701191228;25.62247897921769;253036749.48772344;41.340266517142126;12.25
104;104;24.7;84.1;16.0;21.597057621577445;38.0;28.3681589958159;71.6663179916318;2.1192468619246863;15520.702928870292;2.9864016736401675;78.01495898187969;26.497470504601967;240892219.40624288;46.50136601036108;13.880753138075313
107;107;27.2;66.8;15.0;59.25950143032284;30.0;34.48407809110629;49.96312364425162;0.9793926247288504;15028.268980477224;1.5119305856832972;61.88807427732305;28.35771979374994;225848868.54957396;59.2159447807968;14.02060737527115
112;112;28.1;61.8;12.0;59.98528810788721;25.0;30.5391976744186;58.22674418604651;0.1732558139534883;14411.404651162791;0.5383720930232558;72.16758126913368;27.734936983812343;207688584.0195565;55.45443984180348;11.826744186046511
120;120;25.1;82.6;25.0;16.143849611769514;49.0;27.318862405200434;75.46695557963163;12.407367280606715;16806.69122426869;13.964247020585049;82.94865127705832;25.669104170270696;282464869.90791017;37.31401919972569;12.592632719393285
137;137;26.9;74.4;20.0;52.158561503882304;33.0;29.035177570093456;71.96822429906543;7.932710280373832;16164.755140186917;9.394392523364486;78.40687028317137;26.638548027009357;261299308.74219936;43.24301868335036;12.067289719626167
156;156;28.7;62.2;18.0;72.53943604413568;26.0;31.16905335628228;60.65232358003443;5.129087779690189;14564.406196213426;6.184165232358003;59.6125582748634;28.77182555678233;212121927.8483;62.85019076103187;12.870912220309812
159;159;26.6;80.6;16.0;47.90192071924807;30.0;29.553205248359887;72.06654170571696;3.206185567010309;13913.40206185567;4.366447985004686;78.53449829832603;26.767424789822307;193582756.9348496;53.665576394231934;12.793814432989691
213;216;24.0;65.0;20.0;70.8720882713527;;28.09497737556561;54.40995475113122;7.802714932126697;10532.792760180995;8.81266968325792;67.41969703557729;27.57982787751719;110939723.32892118;68.22553693647015;12.197285067873302
223;228;26.2;74.1;16.0;80.56232120964447;;28.397475642161204;71.00797165633304;1.796279893711249;14271.475642161204;2.987599645704163;77.16034494230956;26.598931234179894;203675017.00480053;52.88238311476493;14.20372010628875
230;236;23.7;77.5;15.0;67.61585615038823;;25.42862579281184;69.26744186046511;1.0591966173361522;11753.116279069767;1.8414376321353063;74.90092445178033;26.027282116648355;138135742.26933476;80.7961506873462;13.940803382663848
237;243;27.8;41.8;15.0;89.35022476501838;;34.702710103871574;36.76392823418319;1.5967894239848914;12974.06610009443;1.9206798866855523;45.46897313178539;30.10668945990584;168326391.16961947;79.40661578671727;13.403210576015109
240;246;29.8;42.5;15.0;85.46628524724153;22.0;32.700220883534136;46.01807228915663;0.9859437751004017;14804.33734939759;1.4819277108433735;56.98063899727296;28.975382215624823;219168404.35476848;63.4306886502898;14.014056224899598
242;250;27.1;60.1;15.0;72.18635063342869;33.0;29.33103884372177;61.96476964769648;1.1409214092140922;12719.754290876244;1.877145438121048;68.04487781639062;27.852304469533102;161792149.22026464;66.01079663926936;13.859078590785908
243;251;26.7;65.2;19.0;70.10706988148753;37.0;29.029390681003584;65.32347670250896;1.103942652329749;13168.086021505376;1.89247311827957;68.82381593737969;27.684029706493448;173398489.46976528;63.41570467470552;17.89605734767025
244;252;26.6;69.3;14.0;69.83244789538212;35.0;28.979036251105217;66.25375773651636;1.143236074270557;13576.75685234306;1.8664898320070733;68.88271220211689;27.663711627924272;184328326.62764424;61.470770476349614;12.856763925729442
246;254;26.5;68.2;20.0;72.51982018798529;35.0;28.766129032258064;64.26416739319966;0.6608544027898866;14347.647776809066;1.3679163034001744;70.27163651440657;27.45325384985225;205854996.7273741;56.97658258378919;19.339145597210113
247;255;26.4;67.5;16.0;79.38536984062117;35.0;28.63893115942029;65.65036231884058;0.9737318840579712;13130.260869565218;1.9818840579710144;70.60588759006234;27.381663592157025;172403750.50283554;62.44110600219618;15.02626811594203
248;256;26.2;69.7;16.0;86.38823048630978;41.0;28.06410845588235;66.99540441176471;1.1709558823529411;11977.808823529413;2.2417279411764706;73.06315576619625;26.954693707115865;143467904.21301904;83.64201288172973;14.829044117647058
249;257;26.0;69.6;13.0;93.97956681651002;39.0;27.803872932985207;67.45517841601392;1.4926022628372495;10752.334203655351;2.6222802436901653;72.54838491447912;26.9391915837589;115612690.82709676;70.08484828165263;11.507397737162751
253;261;23.5;71.1;14.0;74.24601552921946;34.0;25.25075829383886;66.38483412322275;0.9734597156398104;11766.703317535545;1.5345971563981042;86.47418033132466;24.713710158853253;138455306.96290198;80.6540446713035;13.02654028436019
255;263;23.2;67.9;16.0;50.58929301185125;34.0;27.131657519209657;58.00878155872668;2.1877058177826565;12970.098792535677;2.9934138309549945;71.89644728613487;26.825092638353908;168223462.68813542;62.35482378681663;13.812294182217343
256;264;24.6;59.3;14.0;59.37719656722518;38.0;28.71856756756757;54.42432432432432;1.2009009009009008;11950.63063063063;1.8432432432432435;67.4375720247979;27.74980054135522;142817572.46976706;83.44569086942909;12.799099099099099
257;265;26.0;54.5;14.0;76.07029015120557;40.0;32.11295454545454;45.15151515151515;1.2831439393939394;12783.878787878788;1.7481060606060606;55.90268773969329;29.12108743405085;163427556.86317724;73.55459383969684;12.71685606060606
261;271;28.6;56.1;16.0;66.4977523498161;30.0;30.681741821397;58.4367816091954;0.6684350132625995;13527.059239610964;1.1927497789566754;72.4288567172113;27.745689001371428;182981331.67194435;59.41210172672992;15.331564986737401
262;272;28.0;60.6;13.0;63.35921536575398;37.0;30.241727688787183;60.78489702517162;0.580091533180778;14023.322654462245;1.0446224256292906;63.96880226842322;28.35241907801948;196653578.271154;62.56110098476575;12.419908466819223
263;273;27.6;63.5;15.0;56.61136085002043;36.0;29.409417475728155;66.54757281553398;1.720388349514563;15080.49708737864;2.6;66.79254797908828;28.09242525415073;227421392.4024357;55.80429648765673;13.279611650485437
264;274;26.9;70.9;15.0;52.68818961994279;39.0;28.88658181818182;69.8409090909091;0.9918181818181818;14432.523636363636;1.8627272727272728;75.6453550350362;26.899312275700684;208297738.51419505;53.10949782076069;14.008181818181818
265;275;26.5;75.5;12.0;55.76787903555374;38.0;28.82968220338984;70.34957627118644;0.5889830508474576;13668.966101694916;1.416313559322034;76.30566723003959;26.81147691737529;186840634.2892847;56.245803764510654;11.411016949152543
268;278;24.1;81.0;16.0;48.05884756845117;30.0;25.88603703703704;75.16111111111111;3.0675925925925926;13247.748148148148;4.013888888888889;82.55162776115482;25.3174499225062;175502830.9967627;54.17678641932622;12.932407407407407
269;279;23.6;82.1;16.0;34.288516550878626;25.0;26.13183856502242;71.28340807174888;2.716591928251121;14151.806278026908;3.62780269058296;77.51789508727455;25.935220933523603;200273620.9308018;53.20981765887343;13.283408071748878
270;280;23.8;76.7;15.0;28.81569268492031;28.0;27.386445454545456;63.18454545454546;1.5427272727272727;13866.981818181815;2.096363636363636;76.99863391539338;26.337856179541344;192293184.74578503;54.87423821986393;13.457272727272727
275;285;29.5;49.3;17.0;66.94891704127504;31.0;37.23190909090909;41.61272727272727;2.3227272727272728;15539.432727272728;2.8027272727272727;51.50062274184509;29.330248162596565;241473969.48543477;63.54038187253165;14.677272727272728
276;286;29.6;50.6;13.0;61.57417245606866;29.0;36.742354978354975;43.103896103896105;1.324675324675325;15324.772294372297;1.729004329004329;53.35555791807242;29.15652082918548;234848645.87436077;63.343846247221926;11.675324675324674
280;290;28.0;60.1;15.0;51.98201879852881;31.0;29.68490265486726;64.07699115044248;1.107079646017699;15128.31150442478;1.7123893805309736;65.9663107898104;28.16686036459689;228865808.9749112;56.11488208682507;13.892920353982301
283;293;26.8;75.4;13.0;45.09685328974254;33.0;29.17426185704743;71.04475617902472;1.5270541082164328;15083.03006012024;2.3226452905811623;77.20809575042628;26.8078761820026;227497795.79449075;49.06476053112802;11.472945891783567
285;295;26.6;79.0;15.0;47.39190845933797;35.0;29.1591348973607;71.43695014662757;2.060850439882698;14704.586510263927;3.219208211143695;77.71721147413726;26.74807791517277;216224864.43783587;50.50175567917598;12.939149560117302
286;296;26.6;78.2;16.0;50.0008173273396;41.0;28.94434042553192;71.7531914893617;2.0659574468085107;14012.35744680851;3.3170212765957445;78.12773140400131;26.64400360935148;196346161.2171299;53.46658554602028;13.934042553191489
287;297;24.1;76.2;14.0;49.78504290968533;28.0;25.96688202247191;69.562734082397;1.9616104868913853;13307.520599250936;2.669475655430712;75.28424986138305;26.133797585867264;177090104.499488;58.592102194407154;12.038389513108616
289;299;23.7;71.9;15.0;36.05394360441357;28.0;27.393574580759044;62.86054721977053;2.236540158870256;13440.211827007945;2.9832303618711387;77.02730242437508;26.33668928281241;180639293.95484424;56.84706383965133;12.763459841129745
293;303;29.1;40.6;15.0;66.18389865140989;29.0;36.51070281124498;35.38755020080321;1.1124497991967872;14038.329317269076;1.4799196787148594;43.75683163812104;30.197432783433104;197074690.0200964;75.5466009944848;13.887550200803213
296;306;30.0;46.1;14.0;72.89252145484267;27.0;33.188036363636364;48.67454545454545;1.1736363636363636;14232.785454545454;1.7081818181818182;60.285151146525216;28.596085775548755;202572181.79512063;63.96311205175776;12.826363636363636
300;310;27.0;63.2;16.0;48.05884756845117;29.0;29.134590459045903;66.1935193519352;0.9414941494149416;13531.866786678667;1.5886588658865886;68.15928744600328;27.78564225621706;183111418.73241723;62.14751307285599;15.058505850585059
301;311;26.4;71.8;14.0;46.41111565181856;28.0;28.91171581769437;68.42806076854335;1.303842716711349;13855.785522788205;2.0563002680965146;73.81130516289873;27.10663633009407;191982792.4535072;56.98527295669443;12.69615728328865
304;314;26.3;75.0;16.0;55.8267266040049;34.0;28.66376851851852;69.64814814814815;1.337962962962963;13877.525925925926;2.1685185185185185;75.39512776235074;26.865222643048444;192585725.82474625;55.86079161290614;14.662037037037036
312;322;23.7;80.9;16.0;45.704944830404585;31.0;26.283412844036697;70.38256880733945;4.395412844036697;13013.445871559634;5.212844036697248;76.34849557598093;26.104783003136586;169349773.45201248;59.2768503305385;11.604587155963303
313;323;23.8;76.0;16.0;42.11524315488353;29.0;26.97777477477477;65.70900900900901;4.24954954954955;13100.425225225224;5.002702702702703;78.44382356583291;26.067278066985462;171621141.08171737;57.517561958275294;11.750450450450451
321;331;28.6;52.0;15.0;72.8140580302411;24.0;30.66481851179673;53.133393829401086;0.5490018148820327;14057.045372050818;0.9056261343012704;65.83172275069478;28.13098926865735;197600524.5918953;61.200431435107554;14.450998185117967
326;336;26.2;74.0;19.0;56.1798120147119;43.0;28.511978609625668;71.07219251336899;2.2816399286987523;14344.213903743315;3.3279857397504458;77.24371146706017;26.621391146398757;205756472.51634303;52.48913151616479;16.718360071301248
327;337;26.0;78.0;20.0;56.70944013077238;39.0;28.44856888888889;71.42222222222222;1.9306666666666668;13498.567111111111;2.982222222222222;77.69809282746806;26.55426163578116;182211314.0531706;56.14148955757324;18.069333333333333
328;338;26.0;78.0;15.0;57.47445852063752;37.0;28.512046511627908;70.78418604651162;2.306046511627907;13240.424186046512;3.390697674418605;76.86984385837727;26.662259914924;175308832.62644544;57.88099645901831;12.693953488372093
332;342;25.3;75.3;13.0;69.40089906007357;33.0;27.014310661764707;70.57628676470588;1.4200367647058822;10238.514705882351;2.186580882352941;76.599965170639;26.278817369668083;104827183.38256916;65.51463728201992;11.579963235294118
353;363;25.9;80.3;14.0;61.1622394769105;34.0;28.33619946091644;73.3989218328841;1.9784366576819408;12642.11320754717;3.210242587601078;80.2640906142072;26.24291138273895;159823026.3524386;58.48031762756576;12.021563342318059
363;373;26.3;60.8;16.0;52.19779321618308;37.0;32.14142355008788;49.40421792618629;1.4701230228471005;13125.947275922672;1.944639718804921;61.19282511776186;28.55250260384235;172290491.89030182;68.5414149466051;14.529876977152899
369;379;29.4;48.9;12.0;52.393951777686965;22.0;31.2896256684492;52.49643493761141;0.3547237076648841;13788.135472370766;0.5900178253119429;65.03937957030163;28.18385997514949;190112679.80444905;62.96698528204546;11.645276292335115
375;385;26.4;81.4;13.0;41.46791990192072;23.0;28.849357798165137;75.08532110091743;1.528440366972477;14871.54495412844;2.106422018348624;82.45324306103905;26.145196475428957;221162849.32266307;46.66356815573885;11.471559633027523
377;387;26.3;85.2;14.0;44.54760931753167;21.0;29.02789620018536;76.55143651529194;1.567191844300278;14307.291936978683;2.4976830398517147;84.35644013159921;25.986470274219556;204698602.56993523;48.06708613550237;12.432808155699721
380;390;26.0;83.6;15.0;50.70698814875359;25.0;27.99712954333644;76.47903075489282;1.895619757688724;13381.308480894688;2.569431500465983;84.26244860151078;25.7125545511568;179059416.66086408;52.448512193217226;13.104380242311276
385;395;24.8;86.5;18.0;22.577850429096856;33.0;28.665244444444447;69.00888888888889;4.343111111111111;15119.800888888887;5.043555555555556;74.56529108126671;26.956300341295552;228608378.9196452;50.60025221444945;13.65688888888889
393;403;28.7;61.1;16.0;50.37351859419697;22.0;31.3942403628118;58.85600907029478;0.3526077097505669;14072.925170068029;0.6167800453514739;58.894222408973405;28.83727504633292;198047222.84233427;65.60747601953925;15.647392290249433
394;404;28.1;63.1;18.0;49.53003677973028;24.0;31.06096036585366;58.5030487804878;0.0823170731707317;13991.268292682927;0.2972560975609756;72.51128957423595;27.841233833204942;195755588.43783465;57.19281867225039;17.91768292682927
410;420;25.5;78.7;14.0;24.147118921127912;25.0;29.96846233230134;63.07327141382869;1.6831785345717234;14058.435500515996;1.9442724458204328;64.81961696047807;28.275235218381187;197639608.72216845;61.84769468251286;12.316821465428276
423;433;26.4;77.6;14.0;35.916632611360846;27.0;27.66823834196891;77.62487046632124;2.304663212435233;11655.162694300518;3.401036269430052;85.74988864936846;25.45935546546216;135842817.4306145;79.33211816988148;11.695336787564766
446;456;26.2;76.3;21.0;61.59378831221904;36.0;27.373862857142857;75.45485714285714;7.982857142857143;10349.366857142855;9.825142857142858;82.9329460268428;25.68598397420968;107109394.34372698;66.2479031558961;13.017142857142858
448;458;26.0;76.5;18.0;61.08377605230896;45.0;27.348544378698225;73.03076923076924;6.163313609467456;9280.492307692308;8.002366863905326;79.78618352245002;26.022829575520827;86127537.4731361;59.0459700720061;11.836686390532545
461;471;28.58333333333333;64.58333333333333;21.0;21.515;43.0;37.54780898876405;54.38202247191011;6.269662921348314;20867.14606741573;7.477528089887641;67.38495075722408;27.61117054540147;435437784.9988638;27.906102533552072;14.730337078651687
462;472;29.7;56.91666666666666;17.0;24.425;40.0;36.97924219910847;46.10401188707281;4.855126300148588;20913.759286775632;5.768202080237741;57.08754331278269;28.74427782342342;437385327.505194;28.313720343525347;12.144873699851413
468;478;28.83333333333333;63.73333333333333;17.0;22.03333333333333;34.0;29.45236349453978;53.9789391575663;4.9609984399375975;20410.99531981279;6.271450858034322;66.88353642834451;28.080466499151257;416608729.94541967;25.06037281914975;12.039001560062403
472;482;27.21666666666667;76.53333333333333;19.0;11.968333333333334;39.0;27.712146892655365;61.83212267958031;6.063761097659403;20257.45924132365;7.716707021791768;75.71992297856849;26.567369384356837;410364654.9138889;24.569135873715616;12.936238902340598
487;497;26.9;78.0;26.0;19.736666666666668;46.0;27.43611111111111;63.28888888888889;9.045238095238096;19544.101587301582;10.33095238095238;76.74387464262446;26.379385020231503;381971906.8547642;25.369298963637878;16.954761904761902
498;508;27.1;76.63333333333334;25.0;18.856666666666666;47.0;29.4853651266766;56.40387481371088;9.365871833084949;20130.25335320417;10.62816691505216;69.90002815929405;27.69215266119402;405227100.06418777;24.34015456779174;15.634128166915051
516;526;26.08333333333333;77.55;21.0;34.961666666666666;24.0;26.742701812191104;61.81713344316309;6.941515650741351;19038.484349258648;7.700164744645799;80.30358678302295;25.79926366306952;362463886.3169665;29.008664374356805;14.058484349258649
556;566;27.45;78.11666666666667;19.0;12.528333333333334;48.0;27.96759410801964;61.46644844517185;6.986088379705401;20230.468085106382;7.872340425531915;74.5832705336401;26.761991488063213;409271838.9425079;24.50706644439891;12.0139116202946
624;634;27.3;78.0;18.0;19.386666666666667;37.0;27.873472340425533;62.306382978723406;4.371914893617022;19372.88170212766;5.483404255319149;74.86636183013047;26.705110306599625;375308545.4446327;26.316317510498024;13.62808510638298
626;636;27.08333333333333;77.23333333333333;19.0;20.73333333333333;36.0;27.601;61.54083333333333;3.61;19240.77333333333;4.704166666666667;76.3011691518698;26.47321690632966;370207358.464711;27.246756425337704;15.39
629;639;26.98333333333333;78.05;18.0;30.27;33.0;27.532603201347936;63.60067396798652;6.567818028643639;18661.647851727044;7.875315922493682;76.22793020948251;26.462362033428278;348257100.5418686;33.37868738835357;11.43218197135636
643;653;28.33333333333333;68.43333333333334;23.0;27.313333333333333;43.0;29.02375892149088;54.51784298176051;11.55908009516257;19436.815226011106;12.875495638382237;67.55390428958644;27.82123188293582;377789786.1300972;25.92850989495248;11.44091990483743
646;656;27.2;78.05;25.0;15.736666666666666;50.0;27.71522462562396;61.13227953410982;11.972545757071549;19559.134775374376;13.550748752079867;75.8400677909097;26.555090493640456;382559753.1612592;25.300107229113163;13.027454242928451
658;668;26.85;69.76666666666667;22.0;23.03;53.0;29.211131770412287;50.37510105092967;9.095392077607114;20325.936944219888;10.248181083265964;62.40055238676626;28.57344251462092;413143712.6604029;24.759195821551227;12.904607922392886
659;669;27.71666666666667;63.06666666666666;21.0;25.508333333333336;50.0;30.149188767550704;46.89547581903276;8.506240249609984;20456.2496099844;9.456318252730108;58.07208259325903;28.98932064672115;418458148.1059869;25.25000603338017;12.493759750390016
680;690;28.21666666666667;65.03333333333333;18.0;22.655;44.0;31.147402390438245;46.19442231075697;6.143426294820717;20574.10039840637;7.105179282868526;57.20000909914031;29.03157165674718;423293607.2037051;25.839662561298532;11.856573705179283
682;692;29.883333333333336;51.3;17.0;29.616666666666664;32.0;31.998411949685536;40.264150943396224;5.047955974842767;20265.66037735849;5.918238993710692;49.82306509792431;29.778726376343045;410696990.5304379;24.58943403605597;11.952044025157232
689;699;27.616666666666664;71.55;21.0;20.49833333333333;40.0;28.15510603588908;57.32952691680261;6.790375203915171;19382.3295269168;7.869494290375204;71.0514904290813;27.199583424890392;375674697.88999087;26.256442984742502;14.209624796084828
706;716;30.133333333333336;55.583333333333336;20.0;29.661666666666665;45.0;32.2655701754386;41.90716374269006;7.560672514619883;20568.91228070176;8.448099415204679;51.86688614132218;29.545907397213156;423080152.4112036;25.81079067757305;12.439327485380117
711;721;29.3;61.63333333333333;22.0;27.043333333333333;40.0;30.321465163934427;49.41290983606557;7.609631147540983;19616.45901639344;8.772540983606557;61.20363739404251;28.644762657716598;384805464.3418436;25.056942306162497;14.390368852459016
717;727;27.016666666666666;78.05;23.0;17.421666666666667;40.0;27.59462603878116;61.59279778393352;8.104339796860572;19462.41181902124;9.268698060941828;76.32128634787489;26.46926151217029;378785473.8131777;25.784669408583984;14.895660203139428
