;Unnamed: 0;Temp_est;UR_est;MP2,5_est;O3_est;MP10_est;Temp_moqa;UR_moqa;MP2,5_moqa;O3_moqa;MP10_moqa;UR_model;Temp_model;O3_moqa_sqrd;O3_model;dif_between_mp25
79;79;24.8;84.4;8.0;37.21127911728647;29.0;26.865447427293063;77.13870246085011;5.41834451901566;15486.389261744966;6.501118568232662;85.11878313424945;25.30698026270096;239828252.36628976;42.072901784888906;2.58165548098434
119;119;25.6;80.9;12.0;28.560686554965265;42.0;27.56878132118451;74.53872437357631;14.77107061503417;16997.57630979499;16.55239179954442;81.74369367628123;25.869665358595828;288917600.40730387;37.201652380745344;-2.7710706150341693
122;122;24.5;85.0;12.0;31.87576624438088;40.0;27.115392609699768;75.68475750577367;8.290993071593533;16555.9168591224;9.620092378752886;83.23138480794664;25.58211448975688;274098383.04617333;38.301526648341;3.709006928406467
123;123;24.3;85.6;13.0;40.3302002451982;33.0;27.040585585585585;75.97972972972973;9.52027027027027;16291.477477477478;10.98198198198198;83.61429482105041;25.519651910048324;265412238.3991559;39.28808915929572;3.47972972972973
124;124;24.2;86.2;10.0;43.19411524315489;35.0;26.69469055374593;76.87947882736157;10.525515743756786;16200.390879478828;12.11400651465798;84.78227916257146;25.296669633704685;262452664.6479008;38.95867026665841;-0.5255157437567863
134;134;28.3;64.2;8.0;75.56027789129547;30.0;30.758067039106148;62.27932960893855;5.665921787709498;14692.111731843575;6.82122905027933;61.24140892179344;28.61830245739079;215858147.1409756;61.202182518054585;2.3340782122905024
141;141;26.2;81.4;8.0;78.012259910094;30.0;28.59733778625954;74.31583969465649;8.077290076335878;13929.190839694656;9.529580152671755;81.45436211081649;26.18485491136485;194022357.44863352;51.70587644427644;-0.0772900763358777
143;143;25.9;82.7;11.0;86.07437678790357;36.0;28.12768085106383;75.2404255319149;8.715957446808511;13792.289361702127;10.324468085106384;82.65458757717403;25.924228320146888;190227245.8369217;51.56940799013449;2.2840425531914885
144;144;25.7;82.8;15.0;86.44707805476094;33.0;27.723921161825725;76.81120331950207;13.203319502074688;14731.751037344398;15.297717842323651;84.6936492052876;25.590115708801022;217024488.6262977;45.86871193838261;1.796680497925312
150;150;27.3;69.1;13.0;78.63996730690643;38.0;33.120611169652264;55.57744994731296;12.36354056902002;14706.377239199155;13.620653319283456;68.87199932503464;28.80672717701468;216277531.50163496;56.20678968287729;0.6364594309799791
151;151;28.0;64.5;11.0;80.1896199427871;36.0;34.82827209533267;50.06752730883813;12.519364448857994;14889.390268123138;13.62462760675273;62.01794691543122;28.32612932463059;221693942.55648;59.78007548395573;-1.5193644488579938
152;152;28.5;59.9;15.0;87.89865140988967;37.0;35.249710982658954;50.47976878612717;12.892100192678228;15253.333333333334;14.108863198458574;62.530753514751005;28.24952182089489;232664177.7777778;57.75065028128194;2.107899807321772
154;154;28.6;63.6;11.0;77.56109521863507;28.0;35.778041338582675;49.25;8.846456692913385;15333.11811023622;9.818897637795276;61.00098617229279;28.386399485691616;235104510.982454;58.36649095770736;2.153543307086615
168;168;25.9;80.7;11.0;81.81773600326932;30.0;28.198974130240856;73.07225691347011;9.345227475468333;11373.516503122211;10.987511150758252;79.84003960731651;26.25141119101177;129356877.64679328;76.25463175975099;1.6547725245316673
169;169;25.9;79.1;12.0;79.40498569677156;29.0;27.49420957542909;76.19963866305329;9.62691960252936;12022.20054200542;11.22312556458898;83.89976350488521;25.61352616780818;144533305.8721954;83.92328080632478;2.3730803974706394
170;170;25.4;82.6;15.0;70.63669799754803;36.0;27.264573283859;76.85992578849722;11.74860853432282;12888.890538033394;13.161410018552877;84.75689692736519;25.45656141567684;166123499.30140677;54.42679524055424;3.2513914656771803
171;171;25.0;84.0;15.0;60.024519820188;32.0;28.225157515751576;72.34743474347435;12.03960396039604;13657.807380738072;13.458145814581458;78.89913180627444;26.361436821039835;186535702.44934332;54.6226741601518;2.9603960396039604
172;172;25.4;79.7;12.0;54.02206783816919;39.0;30.04441605839416;62.62043795620438;10.47536496350365;12452.29197080292;11.458941605839415;64.54787335859393;28.30046846551211;155059575.32612288;90.2302960531614;1.5246350364963508
173;173;26.7;67.7;13.0;70.69554556599918;;31.90625339366516;53.19276018099548;10.076923076923077;12048.984615384616;10.856108597285068;65.90557135291537;28.059349072741927;145178030.26177517;84.74701458191407;2.9230769230769234
174;174;27.5;57.8;9.0;80.85655905190029;;34.46524314765694;46.0919540229885;8.82316534040672;13792.523430592397;9.537577365163571;57.0725439674553;28.874930362012027;190233702.58344027;68.09253046076792;0.17683465959328082
175;175;28.3;53.0;11.0;84.21087045361668;;36.654900900900905;44.84864864864865;9.501801801801802;14987.603603603604;10.291891891891892;55.52593782504569;28.92833663034462;224628261.77875173;63.51518883379677;1.4981981981981978
176;176;28.8;56.5;9.0;80.20923579893748;;36.01233670653174;46.77828886844526;10.656853725850969;14903.889604415825;11.551977920883164;57.92630822331785;28.703990565869237;222125925.34061408;62.35533341830081;-1.6568537258509686
177;177;28.6;58.6;11.0;80.30731507968942;;36.21070661896243;46.8613595706619;10.23345259391771;15064.858676207514;11.011627906976743;58.029643784278285;28.682730183042608;226949966.9341048;61.53749108236976;0.7665474060822905
182;183;26.8;72.4;11.0;68.77319166326114;;29.363797909407666;68.89547038327527;10.78397212543554;13363.567944250872;12.21602787456446;74.41805999323995;27.16498066360164;178584948.20060948;58.89007892441922;0.21602787456446038
183;185;26.6;77.8;15.0;71.87249693502248;;29.17596385542169;69.12650602409639;13.518072289156626;14761.5421686747;15.042168674698797;74.71797250387496;27.080424771605887;217903127.19756132;52.17329498726908;1.4819277108433742
185;187;26.6;75.8;18.0;82.07274213322437;;29.02469124423964;70.4221198156682;19.331797235023043;14012.519815668204;21.44884792626728;76.39983762071421;26.854952136029635;196350711.58449405;54.58192670415865;-1.3317972350230427
186;188;26.5;76.9;24.0;89.91908459337967;;28.531746641074854;70.40786948176583;20.50095969289828;12851.685220729369;22.74760076775432;76.38133894491313;26.72106701151542;165165813.01271367;60.01042415461352;3.499040307101719
187;189;26.3;75.1;19.0;95.86268900694728;;28.17689338235294;69.86948529411765;18.229779411764707;12297.441176470587;20.176470588235293;75.68245044082829;26.69959580705384;151227059.4887543;87.79032428333656;0.7702205882352935
188;190;26.0;74.2;21.0;94.76420106252554;;27.67804672897196;71.20560747663552;19.5392523364486;14047.147663551405;21.48411214953271;77.41690040209778;26.37255033313961;197322357.4816177;53.76339878049665;1.4607476635513983
189;191;25.3;77.3;22.0;78.1691867592971;;27.05112932604736;73.43442622950819;21.87887067395264;14723.584699453551;24.326047358834245;80.3101796621665;25.8835777228362;216783946.40198272;48.738232112421336;0.1211293260473596
191;193;24.4;80.4;17.0;70.44053943604413;;26.17955182072829;73.937441643324;19.58823529411765;13930.771241830063;21.765639589169;80.96315517325836;25.571934779637083;194066387.39219952;52.015787556952304;-2.5882352941176485
192;194;24.0;79.8;22.0;65.81119738455251;;26.522627345844505;69.11349419124218;19.430741733690795;13742.8418230563;21.41554959785523;74.70108155386656;26.35073724625191;188865701.3735454;56.93754399608635;2.5692582663092054
196;198;26.9;54.2;14.0;86.03514507560277;;34.14303587856486;41.95860165593376;13.83808647654094;13429.460901563938;14.65317387304508;51.930872185472985;29.44267679663735;180350420.1066345;73.10777084311975;0.1619135234590594
197;199;27.9;47.3;17.0;94.21495709031468;;35.607528301886795;37.02264150943396;15.922641509433962;13354.91320754717;16.579245283018867;45.79079876600514;30.02574381758156;178353706.78111783;77.42167532242748;1.0773584905660378
199;201;29.9;39.3;14.0;110.96689824274624;;38.07106442577031;34.564892623716155;16.096171802054155;15161.366946778711;16.786181139122316;42.73348911255832;30.22704515255226;229867047.694874;70.96742395769395;-2.0961718020541547
200;202;30.5;40.0;16.0;115.96894156109522;;34.62855752212389;40.12566371681416;15.2858407079646;14618.67610619469;16.024778761061945;49.6507943109579;29.662188085350447;213705691.0978276;69.0315671812031;0.7141592920354007
201;203;30.2;41.7;17.0;110.65304454434;;32.687978533094814;42.26923076923077;14.01788908765653;13573.12343470483;14.73076923076923;52.31727837702628;29.47594119511396;184229679.77373344;72.18783835332378;2.9821109123434706
202;204;29.5;41.3;19.0;103.17940335104213;;31.86238260869565;43.2408695652174;15.869565217391305;13537.377391304348;16.942608695652172;53.52594566109903;29.388745475105065;183260586.6345981;71.57391759229442;3.1304347826086953
203;205;29.0;42.1;11.0;100.6881896199428;;30.72468500443656;51.07364685004436;14.585625554569654;13939.67701863354;15.732919254658386;63.26950642329075;28.40259595225969;194314595.3838201;63.40309463012655;-3.5856255545696545
204;206;27.9;52.0;15.0;92.21413976297508;;29.74499105545617;60.12969588550984;13.141323792486585;13952.0;14.415026833631485;66.4420563133921;28.11277421488169;194658304.0;61.296348798550966;1.8586762075134153
205;207;27.0;64.1;14.0;81.28810788720882;;29.32642857142857;63.0;12.607142857142858;13886.857142857143;13.392857142857142;67.86742789724332;27.870422185475515;192844801.30612245;60.67962010780685;1.3928571428571423
206;209;26.0;75.7;10.0;90.46832856559053;;27.826050338818977;69.1839303000968;10.26815101645692;12873.463697967089;11.72216844143272;74.7925162354199;26.700104535061115;165726067.58287647;60.93507258654128;-0.26815101645692074
207;210;25.3;74.9;12.0;84.72088271352676;;26.72788043478261;72.98550724637681;12.326086956521738;12816.463768115942;13.935688405797102;79.72742793250202;25.85813044094812;164261743.5194287;58.01343037270557;-0.32608695652173836
208;211;24.4;79.5;15.0;76.9922353902738;;25.983528880866427;73.9341155234657;12.316787003610107;12916.895306859204;13.96841155234657;80.95883746299587;25.518362416127456;166846184.36836132;56.74940403814095;2.6832129963898925
210;213;23.3;74.4;11.0;72.73559460563956;;24.782152255639097;70.00751879699249;10.75845864661654;12700.496240601504;12.088345864661656;75.86163480498874;25.74407687767524;161302604.75753292;61.05157682898193;0.24154135338345917
211;214;22.7;73.9;14.0;67.40008173273397;;25.091495844875347;67.62788550323177;11.225300092336104;13052.49861495845;12.529085872576175;72.77257983067418;26.166884525663622;170367720.09349224;61.40441904271912;2.774699907663896
212;215;22.9;71.0;13.0;61.39762975071517;;26.252969752520624;63.09715857011916;9.937671860678275;12005.455545371218;10.971585701191568;82.37130117998504;25.43831750403069;144130962.85188454;83.74859336584942;3.0623281393217248
215;220;29.0;34.2;11.0;105.21945239068248;;36.76;32.847566574839306;8.104683195592287;13711.147842056933;8.612488521579431;40.5972263162013;30.52335836226028;187995575.1467425;79.11414086908944;2.895316804407713
232;238;22.7;70.3;5.0;58.25909276665304;;25.10471726190476;65.8735119047619;1.1651785714285714;13180.833333333334;1.875;87.26265294617805;24.5872949921326;173734367.36111113;51.44602292529426;3.834821428571429
359;369;24.4;76.8;7.0;52.55087862689008;26.0;25.922954128440367;73.01467889908257;3.4642201834862387;13209.585321100918;4.517431192660551;79.7652963045474;25.6320721397048;174493144.35544485;56.15463292000477;3.5357798165137613
383;393;25.0;85.9;6.0;37.36820596648958;27.0;26.8386165273909;79.93871866295265;5.272051996285979;14653.147632311977;6.195914577530177;88.7535465240308;24.90243627826622;214714735.5343301;43.61307151228859;0.7279480037140207
384;394;24.6;88.6;10.0;26.30486309767062;25.0;27.334936479128856;77.89201451905626;6.514519056261343;15277.647912885664;7.715063520871143;86.0966742936622;25.32957213016648;233406525.7500997;42.41525645317235;3.485480943738657
409;419;25.3;81.9;6.0;24.441356763383737;28.0;28.83725947521866;69.86880466472303;3.0991253644314867;14742.204081632652;3.4810495626822155;75.68156690065315;26.881757321369424;217332581.1845064;51.64111334804507;2.9008746355685133
413;423;27.4;64.7;7.0;41.87985288107888;22.0;33.13530973451327;54.17809734513274;3.2964601769911503;14923.309734513274;3.59070796460177;67.13127868262775;27.864860492386978;222705173.43221864;56.31894906307969;3.7035398230088497
451;461;25.9;67.5;9.0;75.8152840212505;33.0;26.61390146471372;68.34221038615179;7.857523302263648;3380.005326231691;9.509986684420772;73.69986086958313;26.485298583884127;11424436.0053546;75.4671051557106;1.1424766977363516
452;462;25.7;66.3;9.0;83.38700449530037;40.0;26.030981308411217;71.13901869158879;10.4357476635514;4313.757009345794;12.75233644859813;77.33046001726139;25.927894069572048;18608499.53567997;66.42825922600136;-1.4357476635513997
453;463;25.0;70.3;16.0;78.69881487535757;31.0;24.932894088669947;74.04310344827586;12.594827586206897;4795.231527093596;14.38423645320197;81.10031711541029;25.213240603608487;22994245.39843238;62.65294961316573;3.405172413793103
454;464;24.0;74.1;11.0;67.12545974662852;31.0;24.294641975308643;69.9074074074074;9.439506172839506;4609.382716049383;10.675308641975308;75.7316779806351;25.623868309549277;21246409.023014788;64.13867414307917;1.560493827160494
455;465;23.3;68.4;9.0;62.57458111973845;25.0;23.70981554677207;69.12252964426878;9.944664031620553;6786.213438735178;11.21080368906456;74.71281067666467;25.57395476340064;46052692.83606993;54.38559936125938;-0.9446640316205528
456;466;22.7;67.4;10.0;54.90478136493666;24.0;24.246666666666663;68.15849056603774;11.920754716981133;9931.189937106918;13.150943396226417;73.46137007955616;25.858702938857896;98628533.5668937;63.27538256993702;-1.9207547169811328
457;467;23.1;66.9;9.0;41.54638332652228;32.0;25.6762125;63.3375;12.5125;7756.58;13.97375;85.05031441158087;24.98658563817073;60164533.2964;53.94566551695297;-3.5124999999999993
458;468;24.4;60.8;10.0;49.35349407437679;40.0;27.739559363525093;55.77233782129743;10.71236230110159;7878.423500611995;11.696450428396572;69.11442953502674;27.296665789041818;62069556.85499536;54.5308051313427;-0.7123623011015905
460;470;27.5;44.6;9.0;74.16755210461791;32.0;30.768819444444446;46.263888888888886;5.881944444444445;7646.777777777777;6.569444444444445;57.28642184909568;29.0417406805236;58473210.382716045;54.571824260186986;3.1180555555555554
482;492;28.3;69.5;11.0;24.13833333333333;42.0;28.9536231884058;58.05644546147979;8.795575896262395;19833.59267734554;10.179252479023646;71.9557386607968;27.32093583508431;393371398.4908546;24.43293472925972;2.2044241037376047
492;502;26.33333333333333;78.48333333333333;11.0;36.025;34.0;26.962953846153844;63.51769230769231;7.6292307692307695;19360.701538461537;8.707692307692307;78.93558232561185;26.00946065483757;374836764.0613869;26.394821048541186;3.3707692307692305
495;505;26.133333333333336;79.43333333333334;11.0;17.531666666666666;35.0;26.62562068965517;63.02931034482759;7.980172413793103;19664.951724137933;8.98448275862069;80.62352509378431;25.732026486164216;386710326.3126755;24.876818112861557;3.0198275862068966
500;510;28.3;71.4;11.0;27.07;49.0;30.22227692307692;53.48538461538462;9.304615384615383;20114.695384615385;10.601538461538462;66.26958067595532;28.106765011288303;404600970.41586745;24.323220430799985;1.6953846153846168
509;519;26.899999999999995;77.06666666666668;13.0;13.081666666666663;50.0;27.50718700475436;61.61331220285261;10.32012678288431;19738.586370839937;11.524564183835182;76.73050132760366;26.40044207802436;389611791.91910815;24.648131322143485;2.6798732171156896
511;521;26.78333333333333;77.95;13.0;21.88833333333333;36.0;27.27881781376518;62.6;9.169230769230769;19305.1983805668;10.182186234817811;77.61968937264541;26.24032427225598;372690684.5130389;26.771275341543216;3.8307692307692314
531;541;28.066666666666663;65.98333333333333;9.0;17.67833333333333;39.0;28.52721324717286;55.046042003231015;7.4378029079159935;19712.116316639745;8.4281098546042;68.21095594228663;27.61254100319899;388567529.6807349;24.724116149309328;1.5621970920840065
533;543;27.15;76.88333333333334;9.0;12.64;48.0;27.67361201298701;60.88798701298701;7.733766233766234;19850.636363636364;8.671266233766234;76.08370893131317;26.516996707079706;394047764.0413224;24.4038489063737;1.266233766233766
543;553;26.05;80.46666666666667;14.0;19.296666666666667;33.0;26.63487972508591;63.02233676975945;16.39003436426117;19642.254295532646;17.710481099656356;80.58111680069925;25.739212905368987;385818153.8103707;24.958208335726493;-2.3900343642611688
544;554;26.566666666666663;78.41666666666667;16.0;12.856666666666667;49.0;28.3798024691358;59.05432098765432;14.705349794238684;20205.62962962963;16.150617283950616;73.09974526161085;27.03773363084162;408267468.7297669;24.456364505947537;1.2946502057613163
545;555;27.74;72.32000000000001;17.0;20.412;59.0;30.31861513687601;52.44444444444444;13.297101449275363;20344.45088566828;14.34621578099839;64.9747061459455;28.24063556880005;413896681.8393689;24.818609380905475;3.702898550724637
548;558;29.44;62.67999999999999;12.0;32.414;45.0;31.57404451266309;46.55640828856485;11.709132770529548;20356.236377590176;12.609363008442056;57.65030051450645;28.96139894220095;414376359.4603256;24.858210494545705;0.29086722947045196
550;560;30.633333333333336;56.28333333333333;12.0;30.861666666666665;38.0;32.92563358778626;42.0969465648855;9.61526717557252;20627.407633587787;10.359541984732823;52.10296593683272;29.486717404000643;425489945.6821957;26.151860722524603;2.3847328244274806
555;565;28.116666666666664;72.26666666666667;10.0;15.306666666666668;38.0;28.518941368078178;58.726384364820845;6.837133550488599;19973.57654723127;7.723941368078176;72.78910723164898;27.11003602463104;398943760.0881071;24.279830207293244;3.1628664495114007
557;567;27.316666666666663;79.2;13.0;10.826666666666668;42.0;27.828490259740256;62.18993506493506;9.167207792207792;20077.51948051948;10.270292207792208;75.10132003198228;26.66703627469574;403106788.4906392;24.29252824284908;3.832792207792208
560;570;27.05;82.63333333333333;17.0;20.55;40.0;27.59218901453957;64.53634894991923;13.496768982229405;19582.00969305331;14.62843295638126;75.7663036078417;26.52922892062333;383455103.6188338;25.199145584594472;3.503231017770595
561;571;26.916666666666668;82.10000000000001;16.0;26.118333333333336;37.0;27.54061224489796;64.2465306122449;13.742040816326533;19367.84979591837;15.139591836734692;76.06578856611614;26.48228629947895;375113605.7172552;26.348569835381504;2.257959183673467
562;572;26.8;81.68;16.0;32.802;35.0;27.35166256763404;64.21200196753566;13.657156910969013;18978.22725036892;15.103295622233151;76.96525040800233;26.331914025632603;360173109.56664544;29.612353751242768;2.3428430890309873
565;575;26.46666666666667;80.5;15.0;37.53833333333333;37.0;27.05760017809439;64.71816562778272;14.625111308993766;18821.285841495992;16.056099732858414;78.25732782259409;26.109663337568115;354240800.7272975;31.35459516527001;0.3748886910062339
570;580;28.266666666666666;68.46666666666667;15.0;31.06;41.0;30.71926981300089;50.14203027604631;12.233303650934996;20035.21282279608;13.325912733748886;62.110624667084224;28.52711059217492;401409752.8547324;24.274361777450007;2.766696349065004
576;586;29.6;63.79999999999999;12.0;30.28;33.0;31.76615034168565;45.970387243735765;10.77828397873956;20494.444950645408;11.707668944570994;56.92132132225032;29.029687507859915;420022273.835035;25.425947537402223;1.2217160212604394
581;591;27.33333333333333;77.45;14.0;21.861666666666665;37.0;27.69509433962264;60.13207547169812;10.547169811320757;20044.377358490565;11.358490566037736;76.12767975516948;26.518115049112893;401777063.6895692;24.27678302325736;3.4528301886792434
582;592;27.23333333333333;78.33333333333333;15.0;21.243333333333336;38.0;27.77781512605042;60.66050420168067;11.228571428571428;19822.884033613445;12.216806722689077;75.63511295128518;26.59474095186548;392946731.41008687;24.452690906500244;3.7714285714285722
585;595;27.0;76.98333333333333;14.0;28.805;38.0;27.53557514693535;60.25944584382872;11.53568429890848;19258.975650713684;12.60369437447523;76.8569198656327;26.39445585683917;370908143.1147826;27.108222574490583;2.46431570109152
586;596;26.7;78.62;12.0;34.574;41.0;27.3112;61.58857142857143;11.475102040816326;19279.89551020408;12.457142857142856;77.66133192409629;26.244702134286392;371714370.8843875;26.953085707008395;0.524897959183674
588;598;26.433333333333334;79.25;15.0;40.555;37.0;27.06344709897611;61.96245733788396;11.96160409556314;19217.31058020478;12.878839590443686;78.7600471655179;26.05634652486833;369305025.9360505;27.43019919516784;3.038395904436859
590;600;26.5;75.31666666666666;13.0;41.89833333333333;33.0;27.067564102564106;59.75897435897436;12.45897435897436;19271.480341880346;13.465811965811966;79.1646626928744;26.013271925493445;371389954.5674806;27.01496612857608;0.5410256410256409
591;601;26.383333333333336;74.64999999999999;15.0;31.765;32.0;26.99004230118443;59.058375634517766;13.01015228426396;19372.19627749577;14.111675126903553;79.66579827840319;25.937143144755694;375281988.6138209;26.320695933301952;1.9898477157360404
594;604;28.266666666666666;62.41666666666666;14.0;36.626666666666665;38.0;29.97029647435897;47.50560897435897;13.681089743589745;19950.653846153848;14.52323717948718;58.83105597597791;28.917138330098314;398028588.8890533;24.29152580703024;0.3189102564102555
596;606;28.4;65.1;16.0;37.79;32.0;31.327157726180943;46.59407526020816;13.383506805444355;20314.41473178543;14.180944755804644;57.69715623548363;28.96904861972392;412675445.8949809;24.72394470458143;2.6164931945556447
597;607;29.65;56.31666666666666;15.0;40.425;33.0;32.02473561430793;41.01010886469673;13.69751166407465;20436.05598755832;14.456454121306376;50.75099730739863;29.677897194876124;417632384.3266183;25.16286427254996;1.30248833592535
598;608;30.0;52.25;16.0;41.54;40.0;32.299111282843896;40.11978361669242;14.268933539412672;20369.44667697064;14.91112828438949;49.6434797773333;29.782543614256884;414914357.9259503;24.90424513182013;1.7310664605873285
599;609;29.55;58.46666666666667;14.0;38.81666666666667;38.0;31.503325471698115;42.818396226415096;14.46305031446541;20173.55974842768;15.294811320754716;53.0004111670952;29.46351537961677;406972512.9233815;24.39999852127417;-0.46305031446540923
600;610;29.2;61.0;15.0;37.645;37.0;31.655269461077847;43.145209580838326;13.542664670658684;20165.449101796406;14.4124251497006;53.40694969882223;29.412133508127862;406645337.4771415;24.387367711118685;1.4573353293413156
601;611;29.116666666666664;62.1;15.0;35.035;40.0;30.10306386418755;48.18674211802749;13.161681487469684;19856.983023443816;13.894907033144705;59.67834958987051;28.819490124956936;394299774.7933359;24.39375802013282;1.838318512530316
606;616;27.08333333333333;73.43333333333334;14.0;21.065;39.0;27.654787961696307;58.81121751025992;13.781121751025992;19765.40629274966;14.723666210670316;76.57233800824918;26.458417581423884;390671285.91746783;24.578266413147905;0.21887824897400776
607;617;26.933333333333334;74.58333333333333;16.0;24.238333333333333;38.0;27.362637969094923;59.95143487858719;12.955849889624725;19691.99116997793;13.728476821192054;77.73335290644121;26.251014483850145;387774516.23848873;24.786561606962348;3.0441501103752753
608;618;26.78333333333333;76.05;14.0;23.936666666666667;41.0;27.32671381031614;59.30782029950083;15.509983361064892;19756.539101497503;16.544925124792012;78.02696632476284;26.209028880411708;390320837.26899976;24.600571609631498;-1.5099833610648918
610;620;26.56;77.1;16.0;34.842;38.0;27.18991071428572;61.95436507936508;12.949404761904765;19230.84126984127;13.93154761904762;78.16404426443577;26.15633424105388;369825255.9458301;27.323740062264925;3.0505952380952355
611;621;26.433333333333334;78.03333333333333;12.0;37.53833333333333;33.0;27.02821882951654;61.42493638676845;12.753180661577607;19323.345207803224;13.683630195080577;79.02995426022342;26.01714301389402;373391670.0199319;26.64481403881374;-0.7531806615776073
618;628;26.933333333333334;77.5;11.0;19.53;38.0;29.639266770670822;54.471138845553824;11.914196567862714;20021.678627145087;12.810452418096723;67.49580681375791;27.99727723001676;400867615.0486784;24.272317413319215;-0.9141965678627137
654;664;26.25;76.13333333333334;14.0;43.865;37.0;26.327660668380464;62.08311910882605;10.656383890317052;18935.417309340188;12.07540702656384;82.21353086737817;25.476148542184145;358550028.67886;30.063241530254267;3.343616109682948
655;665;25.03333333333333;84.58333333333333;13.0;38.54166666666666;41.0;25.231177924217462;65.93822075782538;10.245469522240526;19094.233937397035;11.71828665568369;86.65265313672089;24.688811244028404;364589769.6560447;28.48237121092392;2.7545304777594737
657;667;25.616666666666664;76.53333333333335;14.0;17.416666666666668;37.0;27.52381546134664;58.37531172069826;11.960099750623442;19809.85536159601;13.22069825436409;72.35239142631413;26.88339378778397;392430369.4473543;24.47826884644173;2.039900249376558
660;670;28.2;59.8;10.0;29.61;39.0;31.71162162162162;42.66966966966967;8.068318318318319;20543.12312312312;9.034534534534536;52.81540319483896;29.47265703845012;422019907.6517959;25.671256110366706;1.931681681681681
663;673;28.9;58.583333333333336;10.0;29.52333333333333;42.0;29.77840366972477;45.58715596330275;6.772477064220183;19639.77981651376;7.623853211009174;56.44460187382366;29.18282551553216;385720951.2411413;24.967391998593712;3.2275229357798167
701;711;26.183333333333334;78.3;11.0;19.541666666666668;34.0;26.70338724168913;61.6199460916442;7.226415094339623;19636.240790655884;8.44743935309973;80.52730374012968;25.76398043793568;385581952.388618;24.98063265296829;3.7735849056603774
707;717;30.6;51.81666666666666;11.0;30.74;38.0;32.74058510638298;38.87613981762918;7.367781155015198;20725.09422492401;8.315349544072948;48.09645265246294;29.92572997513503;429529530.6319786;26.797494355972876;3.632218844984802
718;728;26.899999999999995;77.83333333333333;11.0;21.975;39.0;27.5123730378578;62.35734072022161;8.059095106186518;19178.267774699907;9.213296398891966;76.56280528338041;26.42019492410461;367805954.8380929;27.74761863333996;2.9409048938134816
